1.814117308170784815e-01 -5.317117445571178935e-01 -2.002267274098329386e-02 -2.472935138735617711e-01 1.197712752334460784e-01 -3.512752520996239441e-02 -4.612062850445332535e-04 3.671306058902308535e-04 3.408816839071998511e-07 -1.221166260347346885e-06 -3.125779578463962541e-07 3.306147903559644500e-08 -1.548847445622077936e-07 -3.775128131568148858e-08 1.158832276064873200e-06 -4.020427907831890738e-06 -1.009219613366286169e-06 3.586633085557857325e-06 -1.167630890718322734e-05 -2.332522445343309766e-06 -1.539303149051623178e-06 3.957750628517386023e-06 -7.549544443274752931e-09 -1.336924881578259024e-06 5.623473425220043151e-06 1.686551158965603732e-06 3.413487247080648569e-07 -2.106614617040296992e-08 -5.962998945169091074e-07 1.716799420266251580e-08 8.611125711130531915e-08 -1.358811163588627295e-06 9.622399571620175723e-07 -1.041407123712919932e-05 4.066696539725913275e-07 -3.929571069896447382e-07 -1.281285643123928998e-06 -4.757429771032794648e-06 6.958863600528703561e-05 -2.671033343917947247e-06 -2.904391215359547569e-08 1.511513780777347825e-05 -7.427812460105906716e-05 1.139793027571658351e-05 -5.489554924413974111e-06 2.050972140269678861e-06 3.518556736636512146e-05 -7.125403582957946905e-06
-5.317117445571178935e-01 1.614033692406978471e+00 1.048233512067264228e-01 1.132992926434738257e+00 -5.737200662927193218e-01 1.680056250756302161e-01 1.247725882442160886e-03 -1.313675913245855717e-03 -1.608374481360970500e-06 5.759600734088471956e-06 1.453246266732864580e-06 -1.442902144755448494e-07 6.859677072720062489e-07 1.657217403407707942e-07 -5.468036063823195798e-06 1.895823917934376404e-05 4.694302928137337632e-06 -1.684369745164477201e-05 5.474793996214989992e-05 1.080438384909972586e-05 7.246273708098241739e-06 -1.863415051845376455e-05 2.739133276365454459e-08 6.292155426412986545e-06 -2.646546928194576986e-05 -7.935006802498612032e-06 -1.607816412397738840e-06 1.071909108437695158e-07 2.602026951312047220e-06 -7.520334844740912263e-08 -3.938295966089169943e-07 6.396843090267155598e-06 -4.527162379757384299e-06 4.899997184339243263e-05 -1.913136586842488504e-06 1.850736805955600672e-06 6.030771830125941535e-06 2.239340670598536089e-05 -3.275636834212521066e-04 1.257196820598760129e-05 1.358898059117240979e-07 -7.114707989311237757e-05 3.496316592209257725e-04 -5.365292031315003617e-05 2.583947046867666892e-05 -9.655410177925035246e-06 -1.656232752816706104e-04 3.353821060410163899e-05
-2.002267274098329386e-02 1.048233512067264228e-01 4.058572715411949694e-02 3.641511613284953430e-01 -1.879903382037195203e-01 4.072417247511818383e-02 4.025473212416824046e-04 -3.628583854899730329e-04 -4.764750960828755970e-07 1.699922646344771851e-06 2.976060956634566600e-07 -2.377044928457263462e-08 1.229416192231961042e-07 2.210496946214106199e-08 -1.324149976309860508e-06 4.481630443858533963e-06 6.604148669654999199e-07 -3.659817785701473429e-06 1.125355567873678618e-05 1.241248660671151834e-06 1.747192970693706528e-06 -4.534012246694910781e-06 -1.902976847123861874e-08 1.495847287605967631e-06 -6.292827916375253555e-06 -1.877693201109494300e-06 -4.055371826660840636e-07 8.055562665424592249e-08 -7.714480310734760785e-07 1.964222532673714967e-08 -1.477464347222851485e-08 1.560938543217925810e-06 -1.081346087174366945e-06 1.223110107050906887e-05 -4.475565391991970135e-07 4.314074555481052817e-07 1.464146675039161828e-06 5.434125050234292926e-06 -8.078179516705223694e-05 3.026890542479282557e-06 8.458632464463525623e-08 -1.728057126559676482e-05 8.471880640163333251e-05 -1.301757676456797761e-05 6.262807347372238012e-06 -2.334332998760505450e-06 -4.077975346416743151e-05 8.131803335567051009e-06
-2.472935138735617711e-01 1.132992926434738257e+00 3.641511613284953430e-01 3.568633958737298162e+00 -2.773830525968574712e+00 9.375532491559646076e-01 -6.935900469193148794e-03 -9.362511729742749094e-04 -8.380996036810073842e-06 3.001881307255687635e-05 7.938922540193264486e-06 -5.582050474782957881e-07 2.853674859841687170e-06 6.782783558876320549e-07 -2.988916864781628093e-05 1.040994926933737098e-04 2.708953898770549847e-05 -9.239091931672551610e-05 3.023975472468506845e-04 6.281500246282042152e-05 3.884754541926043809e-05 -9.956839408919422672e-05 8.015748798310683223e-08 3.392154007179445143e-05 -1.426302920250524227e-04 -4.274559880106510687e-05 -8.568411819950650258e-06 4.348731461309033893e-07 1.802980226528723629e-05 -4.955680097031731499e-07 -2.342050375484328008e-06 3.418910593994061803e-05 -2.431672368670664930e-05 2.587601930338643609e-04 -1.035269221956952700e-05 1.009277666229542095e-05 3.226221337675721216e-05 1.198644221453911969e-04 -1.742397819748211282e-03 6.747261010216364812e-05 2.607743372028200618e-07 -3.806526881266063017e-04 1.872668339249308625e-03 -2.872660944678214205e-04 1.383596447543199832e-04 -5.179981976299573580e-05 -8.817559262980029450e-04 1.795197772933100123e-04
1.197712752334460784e-01 -5.737200662927193218e-01 -1.879903382037195203e-01 -2.773830525968574712e+00 5.093972831470512830e+00 -2.414834257903015313e+00 3.997049841386889069e-02 -7.710661780631670147e-03 2.232309675497788648e-05 -8.013190369441767385e-05 -2.111464526232402261e-05 8.305147240940966524e-07 -4.975456369765778416e-06 -1.160746123943386630e-06 8.038608417547568445e-05 -2.812595310595047060e-04 -7.296217778256224192e-05 2.424881793028349356e-04 -7.966367667902259130e-04 -1.678340010600101316e-04 -9.753865074477355128e-05 2.478970048859451252e-04 2.114759026060332760e-07 -8.652086376896244812e-05 3.634851427164215057e-04 1.086065396654584358e-04 2.159610697103236490e-05 -1.315359404675239051e-06 -4.485206199993345687e-05 1.083492121356334890e-06 5.842965477683176779e-06 -8.565279716821895377e-05 6.175684754955807962e-05 -6.352391542166629934e-04 2.668746045102782130e-05 -2.618325094631047763e-05 -8.102484505717446673e-05 -3.015132370437077400e-04 4.328916868140915419e-03 -1.705478672551831464e-04 1.426532915150693397e-06 9.562656001241700643e-04 -4.716515245225500613e-03 7.225318272149267636e-04 -3.480372353495245793e-04 1.307504069937304452e-04 2.193752597213643758e-03 -4.513541429809072810e-04
-3.512752520996239441e-02 1.680056250756302161e-01 4.072417247511818383e-02 9.375532491559646076e-01 -2.414834257903015313e+00 3.258037080294909238e+00 -7.981572954590164526e-02 2.221081126123695612e-02 -4.323054310222533320e-05 1.583523296216497766e-04 4.337426242592041256e-05 -1.116633213526579759e-06 6.696447389137901004e-06 1.854593380626585970e-06 -1.552559170118196995e-04 5.588089543939392520e-04 1.508889694087421998e-04 -4.289520145045063967e-04 1.464045450948610024e-03 3.426624423625843139e-04 1.252987001198178115e-04 -3.084135464021995851e-04 3.597115671356717370e-06 1.190074283035847449e-04 -4.988860907486015930e-04 -1.486688863289375377e-04 -2.943477705402489493e-05 1.917108943044245795e-06 7.365028695424217532e-05 -1.478173417754093648e-06 -8.233270899665825506e-06 1.129452802099396397e-04 -8.400220194934163501e-05 8.118430183054384632e-04 -3.710916473166209477e-05 3.642663989173705705e-05 1.076005048752799021e-04 4.010539303092311371e-04 -5.631019031702053437e-03 2.301461811460201151e-04 -6.877196286831807808e-06 -1.274069948734689837e-03 6.280297652238787942e-03 -9.624921241741964378e-04 4.631614534686711616e-04 -1.738348339994980865e-04 -2.859065687306949679e-03 6.030327745734832432e-04
-4.612062850445332535e-04 1.247725882442160886e-03 4.025473212416824046e-04 -6.935900469193148794e-03 3.997049841386889069e-02 -7.981572954590164526e-02 2.078514054201486671e-03 -5.998337070620086888e-04 8.087159359830049668e-05 -2.990522842161839087e-04 -8.589374891939409635e-05 3.108347258824969926e-06 -1.158074472718180469e-05 -3.337991056633820156e-06 2.815903639943513354e-04 -1.041232876513861717e-03 -2.987862754351035938e-04 6.247287950818015707e-04 -2.308551652915860966e-03 -6.601423509200457984e-04 2.514370146738001779e-05 -9.831145274196166541e-05 -2.959171628779792986e-05 -1.278380804343219174e-05 4.907849447215218867e-05 1.627390958874259781e-05 6.450997240292447325e-06 2.334162886095093078e-07 -7.453146116100050863e-05 1.453398014119952068e-06 1.845203238046046219e-06 -2.997641785422180448e-06 4.468080775437851530e-06 -2.039233933068354768e-05 1.327053666906712161e-06 -1.137694223086848867e-06 -4.206135283308563552e-06 -1.259140612919390781e-05 1.378444668716095184e-04 -1.773106697563740130e-05 4.110047586294498180e-06 7.771645081354939969e-05 -1.545766541431799093e-04 4.565409632235869271e-05 -1.720721265098367812e-05 -1.220957915356895165e-06 7.081802350593885246e-05 -4.191462376354470069e-05
3.671306058902308535e-04 -1.313675913245855717e-03 -3.628583854899730329e-04 -9.362511729742749094e-04 -7.710661780631670147e-03 2.221081126123695612e-02 -5.998337070620086888e-04 1.767059982666292545e-04 -2.846711241624171428e-05 8.112599758015532952e-05 2.042636498866650508e-05 -1.093856812779731791e-06 3.127047897114862625e-06 7.915646798466625371e-07 -9.907045465633247845e-05 2.820585924726619841e-04 7.098275982108702225e-05 -2.193486250578381583e-04 6.227419405829551701e-04 1.563406268938361693e-04 -9.137439208205343544e-06 2.659194730999488580e-05 7.023226552366664169e-06 4.288565576096319894e-06 -1.334426285527137402e-05 -3.991987401998188937e-06 -2.916244024902593814e-06 1.377247492620697944e-06 2.894995388537355860e-05 5.298688487019932418e-07 -8.100736720356478113e-08 8.068272316272642602e-07 -1.217506231835306664e-06 5.722359617209903225e-06 -4.137074088627699569e-07 2.980517033944321505e-07 1.163196615742281696e-06 3.277271711964265619e-06 -3.818715952438979714e-05 5.002860345633328685e-06 -1.086585180322733664e-06 -2.203323779710223435e-05 4.293167785605751888e-05 -1.251007417235144307e-05 4.586770894131480210e-06 8.316034508020170933e-07 -1.962286957149920102e-05 1.060591400985510926e-05
3.408816839071998511e-07 -1.608374481360970500e-06 -4.764750960828755970e-07 -8.380996036810073842e-06 2.232309675497788648e-05 -4.323054310222533320e-05 8.087159359830049668e-05 -2.846711241624171428e-05 1.746407471031078851e+00 -4.609437814913422144e-06 6.281081665076859741e-07 -3.741925185065493875e-01 -7.131587740387985967e-08 -1.482245854235751626e-08 8.885119561945646893e-01 -1.717637158236932164e-05 2.343822364323013188e-06 1.376932825996846355e-01 -6.765902664554453258e-05 6.407521247819609993e-06 1.158669220319314963e-01 4.878919076208826475e-05 -1.745694781887616720e-06 -2.980020875450950339e-03 1.206950718016424945e-05 3.632200255435941499e-06 1.468491040449035314e-05 -6.148676876154778829e-05 3.682967605208343263e-06 -2.973372290282992107e-05 -7.174822865055346553e-06 -3.038218812827498709e-06 5.493694575093128151e-05 -8.834175280887381529e-06 3.195303107343833182e-04 3.968090649084239998e-07 -3.458281145651297996e-04 1.216326612257396687e-03 -4.120247043600745360e-05 -9.620997594887303753e-04 1.746189850099052121e-04 4.578382851642566129e-03 -4.967714644325506361e-06 2.322097873258193666e-05 -2.502801207396051315e-04 -2.843809867549824608e-03 7.188246879414513239e-05 4.499555725551701753e-03
-1.221166260347346885e-06 5.759600734088471956e-06 1.699922646344771851e-06 3.001881307255687635e-05 -8.013190369441767385e-05 1.583523296216497766e-04 -2.990522842161839087e-04 8.112599758015532952e-05 -4.609437814913422144e-06 1.746408153127138263e+00 -2.495606340824434005e-07 -5.540457711783215583e-08 -3.741918099182984792e-01 -1.836971740687938219e-07 -1.724110295751164645e-05 8.885120924052510860e-01 -3.255890537831684614e-07 -6.869560900038643473e-05 1.376856342194193450e-01 2.005019115798724087e-08 5.079282476494884605e-05 1.158815831799624163e-01 -1.824523084762044572e-06 -5.082097005915646905e-06 -3.021295138815803701e-03 2.688038565127569811e-05 5.063050090907483855e-06 3.166117611566946611e-05 8.791186971579040258e-06 -6.100299980443963375e-05 1.970928091505835277e-05 -3.881408088815870101e-06 -2.887568011333869361e-04 -1.570075486543094469e-05 5.053447351964521439e-05 -5.056342547909161935e-05 -1.083194548029792035e-04 7.657951940695262869e-04 -1.315059015788669784e-04 1.228317919966853168e-03 -2.192542008882648159e-04 -4.481476497952905334e-03 1.449569305252798080e-04 -2.743480691800369124e-03 -4.423729151389722641e-05 -1.390472454481139163e-05 -1.191673087396623955e-04 4.567199316099147810e-03
-3.125779578463962541e-07 1.453246266732864580e-06 2.976060956634566600e-07 7.938922540193264486e-06 -2.111464526232402261e-05 4.337426242592041256e-05 -8.589374891939409635e-05 2.042636498866650508e-05 6.281081665076859741e-07 -2.495606340824434005e-07 1.746497304867709710e+00 -7.772427317114280783e-08 -2.272356690503427955e-07 -3.741771918652700979e-01 2.585921473814581375e-06 -1.603457451683639978e-07 8.887973619219743382e-01 9.133390470960526077e-06 1.670120315773288783e-06 1.385768744085523196e-01 -5.837375664603574533e-06 -3.987484739760107204e-06 1.154991463903779908e-01 1.602976530834275207e-05 2.552077889857934850e-05 -4.019518697392795992e-03 -6.252021427233952718e-05 1.106097733918616823e-05 -9.129785932930725337e-06 3.887322886666629584e-06 -2.973264764636803919e-05 1.512364775988664204e-04 1.193638546671516451e-05 2.881417290450026967e-05 -1.707901137407453069e-05 2.802388351438166603e-04 7.142672316770835340e-04 -3.294623071608003052e-04 7.574072072370917797e-05 -5.341446780273235976e-06 -7.576345962807094639e-04 -6.285879915797612299e-05 -1.866219611862253398e-05 6.672644078732682953e-05 2.451618280975589610e-03 -2.795449111778349578e-04 -4.990497774407961058e-05 -2.376869640561942031e-05
3.306147903559644500e-08 -1.442902144755448494e-07 -2.377044928457263462e-08 -5.582050474782957881e-07 8.305147240940966524e-07 -1.116633213526579759e-06 3.108347258824969926e-06 -1.093856812779731791e-06 -3.741925185065493875e-01 -5.540457711783215583e-08 -7.772427317114280783e-08 1.016402154376055966e-01 6.020465142917832643e-08 -7.622645872114010544e-09 1.247193638027487006e-02 1.179850706061291900e-07 -2.801824107545424209e-07 1.127555298468244961e-02 1.618192804200131300e-07 -5.891975628573028567e-07 2.251013969775939570e-04 1.938515295406681961e-06 -1.239794713831128060e-07 -1.800108576391873491e-04 4.158659621118629239e-07 1.667504589888668951e-07 1.297354603053022597e-06 -5.618421631609995516e-06 3.070449708768442764e-07 -2.670196051425920820e-06 -6.849923907964533630e-07 -2.167180151077108109e-08 1.811430788353200260e-06 -3.281611705774855740e-07 1.236613575787324530e-05 -3.419024006227449177e-08 -1.342923693977943671e-05 4.719152991132612564e-05 -1.597667782822006922e-06 -3.731359413356084452e-05 6.772035208503392896e-06 1.774427857748409867e-04 -1.996726918458727849e-07 8.610291960828760559e-07 -9.719416690313128433e-06 -1.100690862380578522e-04 2.776992099075338159e-06 1.744624061111553763e-04
-1.548847445622077936e-07 6.859677072720062489e-07 1.229416192231961042e-07 2.853674859841687170e-06 -4.975456369765778416e-06 6.696447389137901004e-06 -1.158074472718180469e-05 3.127047897114862625e-06 -7.131587740387985967e-08 -3.741918099182984792e-01 -2.272356690503427955e-07 6.020465142917832643e-08 1.016402475622777829e-01 -7.655315625009901187e-09 6.090200584203673990e-08 1.247416152146880834e-02 -7.258230488155447779e-07 5.550682527159649966e-09 1.127953160949866397e-02 -1.463347031191376362e-06 2.010436776287785637e-06 2.259571217919580479e-04 -1.741689308928441024e-07 -2.401930842671883368e-07 -1.816740207012426363e-04 1.074728625450363425e-06 5.667945986251671837e-07 3.021742017693130094e-06 9.122337061519967869e-07 -5.581421231082585797e-06 2.046687789022215019e-06 -1.182961498559984738e-07 -1.114692844994766737e-05 -5.713799335100544354e-07 1.648700226129207636e-06 -1.870870373963381340e-06 -4.195067716107451281e-06 2.974855782518235421e-05 -5.058397842969855410e-06 4.765372370668566321e-05 -8.451645745822169913e-06 -1.737314296112420285e-04 5.641779411055145961e-06 -1.062284483681397623e-04 -1.729494447717994249e-06 -5.551770375070701568e-07 -4.621798026999348728e-06 1.771621620179630603e-04
-3.775128131568148858e-08 1.657217403407707942e-07 2.210496946214106199e-08 6.782783558876320549e-07 -1.160746123943386630e-06 1.854593380626585970e-06 -3.337991056633820156e-06 7.915646798466625371e-07 -1.482245854235751626e-08 -1.836971740687938219e-07 -3.741771918652700979e-01 -7.622645872114010544e-09 -7.655315625009901187e-09 1.016400541248532047e-01 -5.106866687430540139e-08 -5.662872404439775777e-07 1.251691820541768647e-02 7.675714432637046668e-09 -1.049939344560357710e-06 1.136381366754934084e-02 -2.610826395997863031e-07 -2.453868241618143907e-07 2.150927993880515283e-04 6.319088581153671432e-07 1.018582378470158875e-06 -2.211257732970596274e-04 -5.544767120069233079e-06 8.842797543322824313e-07 -7.270961505555880770e-07 3.866187682593812694e-07 -2.816889600859969733e-06 5.523284379749681227e-06 5.432538550345292505e-07 1.090043246170576667e-06 -6.579228164582389503e-07 1.090598078976136228e-05 2.822638767207157241e-05 -1.285085929130554923e-05 2.934718700647621598e-06 -1.939806249049155866e-07 -2.964761544447032883e-05 -2.435211798682643563e-06 -7.116485914632114756e-07 2.603321541662687898e-06 9.562265844217067369e-05 -1.088419138693654972e-05 -1.941648659524436828e-06 -9.624471176899034815e-07
1.158832276064873200e-06 -5.468036063823195798e-06 -1.324149976309860508e-06 -2.988916864781628093e-05 8.038608417547568445e-05 -1.552559170118196995e-04 2.815903639943513354e-04 -9.907045465633247845e-05 8.885119561945646893e-01 -1.724110295751164645e-05 2.585921473814581375e-06 1.247193638027487006e-02 6.090200584203673990e-08 -5.106866687430540139e-08 2.383179498104031957e+00 -6.614429208896981430e-05 9.675485663192623050e-06 6.286033880114164640e-01 -2.512332652287118349e-04 2.610604093994583084e-05 2.956223643509294785e-01 1.687159066569155874e-04 -6.488519034774216932e-06 -1.197983321710843763e-02 4.206294900370768762e-05 1.286952281031486812e-05 4.915013293057164938e-05 -2.058798437405331006e-04 1.243871533470589010e-05 -9.871407344284658899e-05 -2.387340490745284595e-05 -7.491598187207298473e-06 1.827106973445810775e-04 -3.030938393720403450e-05 1.112444922790552931e-03 -5.469345175345135125e-08 -1.205016197833486732e-03 4.236396955399080941e-03 -1.434577606905517735e-04 -3.351291971138211246e-03 6.081926292256892600e-04 1.594119270268532645e-02 -1.760510311073254614e-05 8.065652694309352448e-05 -8.717203047552995370e-04 -9.896260716538053323e-03 2.500775752292167149e-04 1.566579643315485493e-02
-4.020427907831890738e-06 1.895823917934376404e-05 4.481630443858533963e-06 1.040994926933737098e-04 -2.812595310595047060e-04 5.588089543939392520e-04 -1.041232876513861717e-03 2.820585924726619841e-04 -1.717637158236932164e-05 8.885120924052510860e-01 -1.603457451683639978e-07 1.179850706061291900e-07 1.247416152146880834e-02 -5.662872404439775777e-07 -6.614429208896981430e-05 2.383173055620533276e+00 1.093617123165760074e-06 -2.543438021041764005e-04 6.285617719722981223e-01 5.512895566686627342e-06 1.756842168427490863e-04 2.956740165144945420e-01 -7.045944870881464927e-06 -1.747510704825687029e-05 -1.212304303494957623e-02 9.359830185654967826e-05 1.651288373310175330e-05 1.049440129102472563e-04 2.910413884697978274e-05 -2.042388430364145541e-04 6.506894754907092558e-05 -1.271378230477419522e-05 -1.004248176543919577e-03 -5.391212949748655416e-05 1.673721717234285232e-04 -1.740348927024510989e-04 -3.766880044597201594e-04 2.667666552555860403e-03 -4.564766266210291924e-04 4.278069125231957412e-03 -7.618272473094300648e-04 -1.560281114408125329e-02 5.053299188752051994e-04 -9.546928670457260555e-03 -1.539477645753128195e-04 -4.797276226184901947e-05 -4.150101450827884471e-04 1.590143122188319297e-02
-1.009219613366286169e-06 4.694302928137337632e-06 6.604148669654999199e-07 2.708953898770549847e-05 -7.296217778256224192e-05 1.508889694087421998e-04 -2.987862754351035938e-04 7.098275982108702225e-05 2.343822364323013188e-06 -3.255890537831684614e-07 8.887973619219743382e-01 -2.801824107545424209e-07 -7.258230488155447779e-07 1.251691820541768647e-02 9.675485663192623050e-06 1.093617123165760074e-06 2.384122817088023538e+00 3.369618801871370037e-05 9.954810234057336960e-06 6.315947726083915859e-01 -2.076733563740682716e-05 -1.462751743258481511e-05 2.943542050459005410e-01 5.585715182480215123e-05 8.897907492800472180e-05 -1.558866081651273140e-02 -2.098704974034403437e-04 3.742095073621211961e-05 -3.075301278901571825e-05 1.290037025569251166e-05 -9.848569858758517582e-05 5.163685335045605299e-04 4.410568992411866815e-05 9.956851256816275184e-05 -5.936236067109847473e-05 9.756930062238405865e-04 2.498649614625818478e-03 -1.147634049412965497e-03 2.631441972617922821e-04 -1.801122729553442532e-05 -2.641821803590951954e-03 -2.188690410174912778e-04 -6.450491360314453007e-05 2.320513353223780642e-04 8.538232870386668755e-03 -9.731543647362966669e-04 -1.736997184777124427e-04 -8.299698035818752308e-05
3.586633085557857325e-06 -1.684369745164477201e-05 -3.659817785701473429e-06 -9.239091931672551610e-05 2.424881793028349356e-04 -4.289520145045063967e-04 6.247287950818015707e-04 -2.193486250578381583e-04 1.376932825996846355e-01 -6.869560900038643473e-05 9.133390470960526077e-06 1.127555298468244961e-02 5.550682527159649966e-09 7.675714432637046668e-09 6.286033880114164640e-01 -2.543438021041764005e-04 3.369618801871370037e-05 2.213908283944526989e+00 -7.885633836913741833e-04 8.876124922618531588e-05 5.581295113879065212e-02 3.591685195494188822e-04 -1.654013003010256481e-05 -3.527707002461208385e-02 9.546749642575518447e-05 2.979167057115469173e-05 1.198486976944436634e-04 -5.013416263597537600e-04 3.074090352374113610e-05 -1.982657413882241550e-04 -5.808736008959215151e-05 4.650680432377212104e-06 3.488004695029818698e-04 -6.389309063719256839e-05 2.459637495312097522e-03 -9.707541270602949193e-06 -2.672046271011037366e-03 9.379913771290179433e-03 -3.174086780809272715e-04 -7.423132010441882422e-03 1.346974300281298656e-03 3.525826269925320944e-02 -4.105498440294517602e-05 1.786353357566357509e-04 -1.929855250873821135e-03 -2.185261991523984940e-02 5.520216667941735657e-04 3.463870422587946724e-02
-1.167630890718322734e-05 5.474793996214989992e-05 1.125355567873678618e-05 3.023975472468506845e-04 -7.966367667902259130e-04 1.464045450948610024e-03 -2.308551652915860966e-03 6.227419405829551701e-04 -6.765902664554453258e-05 1.376856342194193450e-01 1.670120315773288783e-06 1.618192804200131300e-07 1.127953160949866397e-02 -1.049939344560357710e-06 -2.512332652287118349e-04 6.285617719722981223e-01 9.954810234057336960e-06 -7.885633836913741833e-04 2.213745223347145963e+00 3.592887889722646698e-05 3.747359391782692354e-04 5.593186308036913329e-02 -2.057889403281730291e-05 -3.518050526308956510e-05 -3.559084637251606204e-02 2.072951391129199681e-04 3.686957781493948612e-05 2.230833107578036097e-04 6.913154621351895359e-05 -4.975589562216047685e-04 1.500150471340291349e-04 -2.328060305108489608e-05 -2.212826575014235648e-03 -1.150172588762905215e-04 3.144925443996854169e-04 -3.731501396620872778e-04 -8.299543731556899848e-04 5.908554739413567590e-03 -1.000762408698299688e-03 9.472602913783314746e-03 -1.674404930663155478e-03 -3.450430216641443143e-02 1.121975061036252540e-03 -2.108023171427005418e-02 -3.400186531000998083e-04 -1.019478576348100985e-04 -9.188680817057354785e-04 3.516127770916074174e-02
-2.332522445343309766e-06 1.080438384909972586e-05 1.241248660671151834e-06 6.281500246282042152e-05 -1.678340010600101316e-04 3.426624423625843139e-04 -6.601423509200457984e-04 1.563406268938361693e-04 6.407521247819609993e-06 2.005019115798724087e-08 1.385768744085523196e-01 -5.891975628573028567e-07 -1.463347031191376362e-06 1.136381366754934084e-02 2.610604093994583084e-05 5.512895566686627342e-06 6.315947726083915859e-01 8.876124922618531588e-05 3.592887889722646698e-05 2.222341243652869114e+00 -4.861617021955391650e-05 -3.780322353447607576e-05 5.321130826446518469e-02 1.240291331781660062e-04 1.980112996819112568e-04 -4.323543525146263111e-02 -5.113734740783391648e-04 9.628466691473491876e-05 -7.062690127924411889e-05 2.917496945859265978e-05 -2.034845920954662761e-04 1.077645043557857096e-03 1.153799692442127565e-04 2.160231484713141022e-04 -1.309956666830139045e-04 2.159340838160537547e-03 5.606585256668383463e-03 -2.545592000999235150e-03 5.788978675323453154e-04 -3.614213786836939073e-05 -5.874510285735536248e-03 -4.845664468096019806e-04 -1.398463567230494309e-04 5.121783762267891581e-04 1.891780730143710620e-02 -2.153713214657768799e-03 -3.843343848701512755e-04 -1.853268899833809716e-04
-1.539303149051623178e-06 7.246273708098241739e-06 1.747192970693706528e-06 3.884754541926043809e-05 -9.753865074477355128e-05 1.252987001198178115e-04 2.514370146738001779e-05 -9.137439208205343544e-06 1.158669220319314963e-01 5.079282476494884605e-05 -5.837375664603574533e-06 2.251013969775939570e-04 2.010436776287785637e-06 -2.610826395997863031e-07 2.956223643509294785e-01 1.756842168427490863e-04 -2.076733563740682716e-05 5.581295113879065212e-02 3.747359391782692354e-04 -4.861617021955391650e-05 3.692552081385117729e-02 3.624034947014445829e-05 -2.777079690506567918e-06 -1.138607323171485046e-03 -2.182382469913687129e-06 2.345232404368714953e-06 -1.842969744541985715e-05 6.616047253039720642e-05 -4.787035749405844879e-06 -4.586307953326502210e-05 8.515118861189098970e-06 -1.266628310519953363e-06 1.989285349232683360e-05 -3.209086462863024217e-06 1.142725429827507822e-04 9.173859269484234291e-08 -1.242811218107438493e-04 4.372669444450019249e-04 -1.520866740263691190e-05 -3.432226278387685652e-04 6.243211197676950576e-05 1.635302724377389822e-03 -1.308122649136363110e-06 4.350809785192885649e-06 -9.023948386307874205e-05 -1.019558780726785140e-03 2.548208527560321323e-05 1.620016871983070116e-03
3.957750628517386023e-06 -1.863415051845376455e-05 -4.534012246694910781e-06 -9.956839408919422672e-05 2.478970048859451252e-04 -3.084135464021995851e-04 -9.831145274196166541e-05 2.659194730999488580e-05 4.878919076208826475e-05 1.158815831799624163e-01 -3.987484739760107204e-06 1.938515295406681961e-06 2.259571217919580479e-04 -2.453868241618143907e-07 1.687159066569155874e-04 2.956740165144945420e-01 -1.462751743258481511e-05 3.591685195494188822e-04 5.593186308036913329e-02 -3.780322353447607576e-05 3.624034947014445829e-05 3.693610175901097109e-02 -2.072753920605914015e-06 -8.014786352125941464e-06 -1.155301204688155385e-03 1.041687288767315970e-05 1.957435330725138643e-07 2.628135776844050517e-05 -5.650584982740075237e-06 6.611385051322870166e-05 -5.256969083957514418e-06 -1.409576221504020447e-06 -1.034107499465901944e-04 -5.798584114395692740e-06 1.919421183964670482e-05 -1.823743106382831754e-05 -3.946084797232386049e-05 2.766333255388790896e-04 -4.659510038870507678e-05 4.395740342307664721e-04 -7.831559936167889772e-05 -1.602471434595429149e-03 5.135405869381612739e-05 -9.846675576468193972e-04 -1.660444504143348014e-05 -8.822469128174186874e-06 -4.235849416870160868e-05 1.645828153727264213e-03
-7.549544443274752931e-09 2.739133276365454459e-08 -1.902976847123861874e-08 8.015748798310683223e-08 2.114759026060332760e-07 3.597115671356717370e-06 -2.959171628779792986e-05 7.023226552366664169e-06 -1.745694781887616720e-06 -1.824523084762044572e-06 1.154991463903779908e-01 -1.239794713831128060e-07 -1.741689308928441024e-07 2.150927993880515283e-04 -6.488519034774216932e-06 -7.045944870881464927e-06 2.943542050459005410e-01 -1.654013003010256481e-05 -2.057889403281730291e-05 5.321130826446518469e-02 -2.777079690506567918e-06 -2.072753920605914015e-06 3.665575667282665318e-02 5.896553193457174537e-06 9.231053498809068183e-06 -1.453491849372890929e-03 6.752568930936085352e-05 -2.316593415004871624e-05 2.072308346053990345e-06 3.740746133383942337e-07 -3.577770544489724034e-05 5.332895447035714286e-05 3.940233965037211272e-06 1.006094235939832118e-05 -5.975724237896966341e-06 9.731101814725417044e-05 2.488857232900349207e-04 -1.148153219468507613e-04 2.638519791807958519e-05 -1.871222905466687148e-06 -2.638208709796251248e-04 -2.186310059963080248e-05 -6.519366013950486224e-06 2.343105809219326669e-05 8.536032644678891905e-04 -9.711682247960628232e-05 -1.735745942123346125e-05 -8.937207414810855916e-06
-1.336924881578259024e-06 6.292155426412986545e-06 1.495847287605967631e-06 3.392154007179445143e-05 -8.652086376896244812e-05 1.190074283035847449e-04 -1.278380804343219174e-05 4.288565576096319894e-06 -2.980020875450950339e-03 -5.082097005915646905e-06 1.602976530834275207e-05 -1.800108576391873491e-04 -2.401930842671883368e-07 6.319088581153671432e-07 -1.197983321710843763e-02 -1.747510704825687029e-05 5.585715182480215123e-05 -3.527707002461208385e-02 -3.518050526308956510e-05 1.240291331781660062e-04 -1.138607323171485046e-03 -8.014786352125941464e-06 5.896553193457174537e-06 5.638769203280494940e-04 -7.640946250706223284e-07 -2.959836968116887025e-06 -1.126350095708574748e-05 2.290108422617425941e-05 -4.430129363266255434e-07 -1.193738504062732974e-06 5.332562164035067119e-06 -9.490968978694939734e-08 -5.426642413377556748e-06 1.072536705306921706e-06 -3.962279297396974616e-05 3.325969604238791997e-07 4.333249604241460695e-05 -1.511442779863846726e-04 4.967208587986241519e-06 1.191903892490118094e-04 -2.197280292753238653e-05 -5.664054910658859483e-04 8.426734893201599963e-07 -2.408309288958248064e-06 3.216194589212526553e-05 3.513645069641299157e-04 -8.979572136948528780e-06 -5.579099827979192060e-04
5.623473425220043151e-06 -2.646546928194576986e-05 -6.292827916375253555e-06 -1.426302920250524227e-04 3.634851427164215057e-04 -4.988860907486015930e-04 4.907849447215218867e-05 -1.334426285527137402e-05 1.206950718016424945e-05 -3.021295138815803701e-03 2.552077889857934850e-05 4.158659621118629239e-07 -1.816740207012426363e-04 1.018582378470158875e-06 4.206294900370768762e-05 -1.212304303494957623e-02 8.897907492800472180e-05 9.546749642575518447e-05 -3.559084637251606204e-02 1.980112996819112568e-04 -2.182382469913687129e-06 -1.155301204688155385e-03 9.231053498809068183e-06 -7.640946250706223284e-07 5.741392505282445118e-04 -7.255034468354611280e-06 -3.581735712549583245e-06 -2.449288472985752486e-06 -1.183358701359781244e-06 2.261800962825534560e-05 -4.341835503157803316e-06 4.326729125467856526e-07 3.596852006546134313e-05 1.767137595170988309e-06 -4.889697979066890547e-06 6.234862349259626521e-06 1.387129292274701532e-05 -9.583156174416951594e-05 1.710933763854136436e-05 -1.540834822669603704e-04 2.669613486502976795e-05 5.615422221507977013e-04 -1.913974682682538885e-05 3.423619008668873920e-04 7.115370740439832702e-06 6.438359424684259722e-07 1.531679689163964486e-05 -5.694821970672156886e-04
1.686551158965603732e-06 -7.935006802498612032e-06 -1.877693201109494300e-06 -4.274559880106510687e-05 1.086065396654584358e-04 -1.486688863289375377e-04 1.627390958874259781e-05 -3.991987401998188937e-06 3.632200255435941499e-06 2.688038565127569811e-05 -4.019518697392795992e-03 1.667504589888668951e-07 1.074728625450363425e-06 -2.211257732970596274e-04 1.286952281031486812e-05 9.359830185654967826e-05 -1.558866081651273140e-02 2.979167057115469173e-05 2.072951391129199681e-04 -4.323543525146263111e-02 2.345232404368714953e-06 1.041687288767315970e-05 -1.453491849372890929e-03 -2.959836968116887025e-06 -7.255034468354611280e-06 8.461127146132916025e-04 2.112684007827147386e-05 -9.258132582675353088e-06 1.221748317514024619e-06 7.860401128008883911e-07 1.654326527105344818e-06 -2.117333653685444001e-05 -2.542755176064737945e-06 -4.309144173502293928e-06 2.664519100303339337e-06 -4.261447770067047232e-05 -1.105675901626365881e-04 5.085766318195262268e-05 -1.126586215947336738e-05 1.510121008145082479e-06 1.156060094190122594e-04 6.785258824682478792e-06 2.591721836793636955e-06 -1.208657052628975436e-05 -3.728631014871230378e-04 4.212056566008840728e-05 7.617709779417553293e-06 7.528829740072759828e-06
3.413487247080648569e-07 -1.607816412397738840e-06 -4.055371826660840636e-07 -8.568411819950650258e-06 2.159610697103236490e-05 -2.943477705402489493e-05 6.450997240292447325e-06 -2.916244024902593814e-06 1.468491040449035314e-05 5.063050090907483855e-06 -6.252021427233952718e-05 1.297354603053022597e-06 5.667945986251671837e-07 -5.544767120069233079e-06 4.915013293057164938e-05 1.651288373310175330e-05 -2.098704974034403437e-04 1.198486976944436634e-04 3.686957781493948612e-05 -5.113734740783391648e-04 -1.842969744541985715e-05 1.957435330725138643e-07 6.752568930936085352e-05 -1.126350095708574748e-05 -3.581735712549583245e-06 2.112684007827147386e-05 1.991923241738745798e+00 -2.493591300332992191e-07 2.699834953067640580e-07 -9.917751563921504551e-08 -8.790985472796237240e-06 2.049702183239795680e-02 -1.481314896155195011e-06 -7.553277425274297769e-07 9.784459457246868047e-07 -3.086511433450305034e-05 -2.104280658694845669e-03 1.100607880471248700e-05 -7.835017407763271434e-07 -3.685932613369195166e-06 2.934471131454958050e-04 6.039538743235767367e-06 -8.396690299346076561e-06 -2.976909467105883742e-06 -2.785766282842356699e-04 -4.774591437514580303e-06 1.252524370088077628e-06 6.723517487374245936e-06
-2.106614617040296992e-08 1.071909108437695158e-07 8.055562665424592249e-08 4.348731461309033893e-07 -1.315359404675239051e-06 1.917108943044245795e-06 2.334162886095093078e-07 1.377247492620697944e-06 -6.148676876154778829e-05 3.166117611566946611e-05 1.106097733918616823e-05 -5.618421631609995516e-06 3.021742017693130094e-06 8.842797543322824313e-07 -2.058798437405331006e-04 1.049440129102472563e-04 3.742095073621211961e-05 -5.013416263597537600e-04 2.230833107578036097e-04 9.628466691473491876e-05 6.616047253039720642e-05 2.628135776844050517e-05 -2.316593415004871624e-05 2.290108422617425941e-05 -2.449288472985752486e-06 -9.258132582675353088e-06 -2.493591300332992191e-07 1.991917004559267124e+00 -2.237600343989306053e-07 -1.624767445117859929e-07 3.700056667410589784e-07 -6.890194334572037875e-07 2.050108533690958926e-02 5.609773532734602638e-07 -3.189109432573656351e-07 5.228893744528251880e-07 8.913416940928816634e-06 -2.041332892481360385e-03 -3.753287703968213815e-07 4.120187391152276681e-06 -7.179056766670402529e-06 -6.943325716783646192e-05 -5.757994104809832501e-06 -8.422100639398269321e-05 5.951099632595699651e-06 -2.400587516494244217e-04 -1.929770469009183593e-06 -1.147108757213565324e-04
-5.962998945169091074e-07 2.602026951312047220e-06 -7.714480310734760785e-07 1.802980226528723629e-05 -4.485206199993345687e-05 7.365028695424217532e-05 -7.453146116100050863e-05 2.894995388537355860e-05 3.682967605208343263e-06 8.791186971579040258e-06 -9.129785932930725337e-06 3.070449708768442764e-07 9.122337061519967869e-07 -7.270961505555880770e-07 1.243871533470589010e-05 2.910413884697978274e-05 -3.075301278901571825e-05 3.074090352374113610e-05 6.913154621351895359e-05 -7.062690127924411889e-05 -4.787035749405844879e-06 -5.650584982740075237e-06 2.072308346053990345e-06 -4.430129363266255434e-07 -1.183358701359781244e-06 1.221748317514024619e-06 2.699834953067640580e-07 -2.237600343989306053e-07 1.991911811291817713e+00 2.843731585785628558e-07 3.643219440880466729e-07 -2.132986795009564840e-08 6.649113799420792181e-07 2.045617625578619383e-02 2.690086487041594491e-06 -6.783751678538848697e-07 -2.667545751304875877e-06 -4.154697402023470759e-07 -1.716102930179376615e-03 -1.872999211035152693e-05 -2.176633162726181527e-06 3.899796290684965272e-06 -3.029733732658785477e-04 -9.163633658928910263e-06 1.719603938512768240e-06 2.121174239214618620e-06 1.120541913564415378e-04 -1.943677305194324462e-06
1.716799420266251580e-08 -7.520334844740912263e-08 1.964222532673714967e-08 -4.955680097031731499e-07 1.083492121356334890e-06 -1.478173417754093648e-06 1.453398014119952068e-06 5.298688487019932418e-07 -2.973372290282992107e-05 -6.100299980443963375e-05 3.887322886666629584e-06 -2.670196051425920820e-06 -5.581421231082585797e-06 3.866187682593812694e-07 -9.871407344284658899e-05 -2.042388430364145541e-04 1.290037025569251166e-05 -1.982657413882241550e-04 -4.975589562216047685e-04 2.917496945859265978e-05 -4.586307953326502210e-05 6.611385051322870166e-05 3.740746133383942337e-07 -1.193738504062732974e-06 2.261800962825534560e-05 7.860401128008883911e-07 -9.917751563921504551e-08 -1.624767445117859929e-07 2.843731585785628558e-07 1.991916856736787311e+00 -4.430152646604119798e-07 7.712956718180779707e-07 3.693813177892122043e-07 2.566098355203698663e-06 2.050230269041014228e-02 2.941174552093439500e-08 -2.867807188373149055e-06 4.479309629303988270e-08 -1.838671093488053874e-05 -2.046105802400532622e-03 4.443752712531302377e-06 1.150863270927422440e-04 -2.370586001258329453e-05 -2.391165439515222991e-04 -5.274710194424560657e-08 8.068899293578193313e-05 6.566124309881456892e-06 -6.278996524384466255e-05
8.611125711130531915e-08 -3.938295966089169943e-07 -1.477464347222851485e-08 -2.342050375484328008e-06 5.842965477683176779e-06 -8.233270899665825506e-06 1.845203238046046219e-06 -8.100736720356478113e-08 -7.174822865055346553e-06 1.970928091505835277e-05 -2.973264764636803919e-05 -6.849923907964533630e-07 2.046687789022215019e-06 -2.816889600859969733e-06 -2.387340490745284595e-05 6.506894754907092558e-05 -9.848569858758517582e-05 -5.808736008959215151e-05 1.500150471340291349e-04 -2.034845920954662761e-04 8.515118861189098970e-06 -5.256969083957514418e-06 -3.577770544489724034e-05 5.332562164035067119e-06 -4.341835503157803316e-06 1.654326527105344818e-06 -8.790985472796237240e-06 3.700056667410589784e-07 3.643219440880466729e-07 -4.430152646604119798e-07 1.991902868705890617e+00 -3.040950373423916925e-05 -3.310635757178156881e-07 -8.348292639589237679e-08 9.813430004644283253e-07 2.044647758767871581e-02 2.911538564738777092e-04 -4.531499330812951356e-06 -3.770523192753783092e-06 2.682505256935869075e-06 -1.539861562717857995e-03 -8.238853031789666360e-06 -1.803190542859696245e-07 7.080257539477370854e-07 1.171935965152466906e-04 4.513170575117027271e-07 7.489609235830671639e-07 1.887516286779412114e-06
-1.358811163588627295e-06 6.396843090267155598e-06 1.560938543217925810e-06 3.418910593994061803e-05 -8.565279716821895377e-05 1.129452802099396397e-04 -2.997641785422180448e-06 8.068272316272642602e-07 -3.038218812827498709e-06 -3.881408088815870101e-06 1.512364775988664204e-04 -2.167180151077108109e-08 -1.182961498559984738e-07 5.523284379749681227e-06 -7.491598187207298473e-06 -1.271378230477419522e-05 5.163685335045605299e-04 4.650680432377212104e-06 -2.328060305108489608e-05 1.077645043557857096e-03 -1.266628310519953363e-06 -1.409576221504020447e-06 5.332895447035714286e-05 -9.490968978694939734e-08 4.326729125467856526e-07 -2.117333653685444001e-05 2.049702183239795680e-02 -6.890194334572037875e-07 -2.132986795009564840e-08 7.712956718180779707e-07 -3.040950373423916925e-05 2.114682449148754374e-04 5.658213641194831343e-08 1.306867225860889183e-07 -5.095740638704738538e-08 4.644940308256652770e-07 -1.882858818080823749e-05 -1.211149017693861620e-06 9.887178004885505669e-08 -1.613399310397447731e-07 1.071454311832287371e-07 1.899486233391568208e-07 4.853852481823356487e-08 4.297570750797903272e-07 6.670435144266674050e-06 -1.156229222889029007e-06 -2.691111946003145331e-07 -3.673254032498355919e-07
