1.980839875989924836e+00 -4.607520382488446836e-02 1.262321431415458842e-02 -2.480359138062418500e-04 -8.078279776775362624e-04 -5.570215403238050044e-04 1.708891604566215646e-04 1.881965244752071729e-04 1.752567586263904028e-04 9.404380622951932387e-05 4.634796441696214923e-04 6.544413167960271352e-03 -6.648090957086192363e-04 -1.643746402841462682e-04
-4.607520382488446836e-02 1.071729438223125754e-03 -2.936214983854808745e-04 5.769424082702683379e-06 1.879043287551730636e-05 1.295656520062955357e-05 -3.974956782191855702e-06 -4.377533656018813579e-06 -4.076549030175414634e-06 -2.187500157390350324e-06 -1.078073969160587256e-05 -1.522259190573569928e-04 1.546375098800139395e-05 3.823426187313197120e-06
1.262321431415458842e-02 -2.936214983854808745e-04 8.044342278875234707e-05 -1.580647954201064921e-06 -5.148011111245165910e-06 -3.549707559069583412e-06 1.089018109215839258e-06 1.199312014274930017e-06 1.116851316939178546e-06 5.993089776430201708e-07 2.953597082488761073e-06 4.170530439178116411e-05 -4.236600744386415125e-06 -1.047503302649285102e-06
-2.480359138062418500e-04 5.769424082702683379e-06 -1.580647954201064921e-06 3.105844913736498090e-08 1.011542392043985665e-07 6.974887189956695633e-08 -2.139832178623569553e-08 -2.356550748456570070e-08 -2.194522172313023491e-08 -1.177593489443394612e-08 -5.803578495447685479e-08 -8.194753751256188851e-07 8.324576537433730161e-08 2.058258953873053147e-08
-8.078279776775362624e-04 1.879043287551730636e-05 -5.148011111245165910e-06 1.011542392043985665e-07 3.294491641796378080e-07 2.271650474613599682e-07 -6.969217783426062328e-08 -7.675048327506551980e-08 -7.147337581980158371e-08 -3.835303333719696723e-08 -1.890167035622387774e-07 -2.668948721520221801e-06 2.711230694805829071e-07 6.703542010222019343e-08
-5.570215403238050044e-04 1.295656520062955357e-05 -3.549707559069583412e-06 6.974887189956695633e-08 2.271650474613599682e-07 1.566370912387077158e-07 -4.805484003830372104e-08 -5.292175264513898090e-08 -4.928302929758155854e-08 -2.644556303557913293e-08 -1.303326676897960139e-07 -1.840319930711635222e-06 1.869474615295833069e-07 4.622292615928347299e-08
1.708891604566215646e-04 -3.974956782191855702e-06 1.089018109215839258e-06 -2.139832178623569553e-08 -6.969217783426062328e-08 -4.805484003830372104e-08 1.474278941753164220e-08 1.623591409797818994e-08 1.511958675157696576e-08 8.113259071320057788e-09 3.998488128238951725e-08 5.645934764894031546e-07 -5.735378694999048677e-08 -1.418077484151969796e-08
1.881965244752071729e-04 -4.377533656018813579e-06 1.199312014274930017e-06 -2.356550748456570070e-08 -7.675048327506551980e-08 -5.292175264513898090e-08 1.623591409797818994e-08 1.788025991088610426e-08 1.665087282625196689e-08 8.934956174572384793e-09 4.403448216839720797e-08 6.217745451657940051e-07 -6.316248111137272713e-08 -1.561697963995149705e-08
1.752567586263904028e-04 -4.076549030175414634e-06 1.116851316939178546e-06 -2.194522172313023491e-08 -7.147337581980158371e-08 -4.928302929758155854e-08 1.511958675157696576e-08 1.665087282625196689e-08 1.550601430056484155e-08 8.320618364186106610e-09 4.100681792155814429e-08 5.790233995341973698e-07 -5.881963940220424524e-08 -1.454320816425491527e-08
9.404380622951932387e-05 -2.187500157390350324e-06 5.993089776430201708e-07 -1.177593489443394612e-08 -3.835303333719696723e-08 -2.644556303557913293e-08 8.113259071320057788e-09 8.934956174572384793e-09 8.320618364186106610e-09 4.464892693921294842e-09 2.200449939237599879e-08 3.107073576787692192e-07 -3.156296404079526856e-08 -7.803970935411347836e-09
4.634796441696214923e-04 -1.078073969160587256e-05 2.953597082488761073e-06 -5.803578495447685479e-08 -1.890167035622387774e-07 -1.303326676897960139e-07 3.998488128238951725e-08 4.403448216839720797e-08 4.100681792155814429e-08 2.200449939237599879e-08 1.084456059085775144e-07 1.531270812523081233e-06 -1.555529484511073675e-07 -3.846060487414841304e-08
6.544413167960271352e-03 -1.522259190573569928e-04 4.170530439178116411e-05 -8.194753751256188851e-07 -2.668948721520221801e-06 -1.840319930711635222e-06 5.645934764894031546e-07 6.217745451657940051e-07 5.790233995341973698e-07 3.107073576787692192e-07 1.531270812523081233e-06 2.162181013827168874e-05 -2.196434680496798235e-06 -5.430704285558169014e-07
-6.648090957086192363e-04 1.546375098800139395e-05 -4.236600744386415125e-06 8.324576537433730161e-08 2.711230694805829071e-07 1.869474615295833069e-07 -5.735378694999048677e-08 -6.316248111137272713e-08 -5.881963940220424524e-08 -3.156296404079526856e-08 -1.555529484511073675e-07 -2.196434680496798235e-06 2.231231000012239603e-07 5.516738495085136379e-08
-1.643746402841462682e-04 3.823426187313197120e-06 -1.047503302649285102e-06 2.058258953873053147e-08 6.703542010222019343e-08 4.622292615928347299e-08 -1.418077484151969796e-08 -1.561697963995149705e-08 -1.454320816425491527e-08 -7.803970935411347836e-09 -3.846060487414841304e-08 -5.430704285558169014e-07 5.516738495085136379e-08 1.364018500235397516e-08
