2.005269269282370370e+00 1.608386747969888127e-03 -1.470359089274581900e-02 -6.929285816704252085e-06 -1.678839665828037173e-05 -3.581655244261371975e-04 -2.734415381562531417e-05 5.336146930471676459e-06 9.058152759845046183e-05 1.649430856161787748e-04 -1.779744013730289571e-04 3.705174955310840297e-03 -5.452669585723920694e-05 -8.101303103196077896e-05
1.608386747969888127e-03 1.290055141557589668e-06 -1.179345891433645215e-05 -5.557842854925561510e-09 -1.346564030999360483e-08 -2.872774703583041446e-07 -2.193220397141038773e-08 4.280017721142412163e-09 7.265364848101164427e-08 1.322975807479786873e-07 -1.427497409107032899e-07 2.971847416364468665e-06 -4.373478234110350722e-08 -6.497894697768436977e-08
-1.470359089274581900e-02 -1.179345891433645215e-05 1.078137427491761074e-04 5.080882921234181965e-08 1.231005331751960977e-07 2.626240487359759837e-06 2.005003802592328494e-07 -3.912717489423040338e-08 -6.641869721188220941e-07 -1.209441389562296170e-06 1.304993213259015101e-06 -2.716811031988487820e-05 3.998157458947861366e-07 5.940261906579578053e-07
-6.929285816704252085e-06 -5.557842854925561510e-09 5.080882921234181965e-08 2.394441617646788136e-11 5.801295647993402573e-11 1.237654875809596887e-09 9.448878517556892149e-11 -1.843926289978995185e-11 -3.130079855400025356e-10 -5.699672364363556395e-10 6.149974539887602048e-10 -1.280337591541075328e-08 1.884191145912934393e-10 2.799436741475039901e-10
-1.678839665828037173e-05 -1.346564030999360483e-08 1.231005331751960977e-07 5.801295647993402573e-11 1.405548205785978578e-10 2.998612199118222289e-09 2.289291057185725979e-10 -4.467497341525801300e-11 -7.583613026593580168e-10 -1.380926736266248847e-09 1.490026746552445283e-09 -3.102024640329011581e-08 4.565051749106725804e-10 6.782525021893287890e-10
-3.581655244261371975e-04 -2.872774703583041446e-07 2.626240487359759837e-06 1.237654875809596887e-09 2.998612199118222289e-09 6.397272668191770317e-08 4.883999042616009923e-09 -9.531008593430865053e-10 -1.617896450745995722e-08 -2.946084481777646711e-08 3.178839659025496257e-08 -6.617893922218318046e-07 9.739132253256769248e-09 1.446991443463211404e-08
-2.734415381562531417e-05 -2.193220397141038773e-08 2.005003802592328494e-07 9.448878517556892149e-11 2.289291057185725979e-10 4.883999042616009923e-09 3.728690003613122511e-10 -7.276450334363941357e-11 -1.235183354898139556e-09 -2.249188761331156554e-09 2.426885745937525317e-09 -5.052432381217313099e-08 7.435342382281411634e-10 1.104705894386309552e-09
5.336146930471676459e-06 4.280017721142412163e-09 -3.912717489423040338e-08 -1.843926289978995185e-11 -4.467497341525801300e-11 -9.531008593430865053e-10 -7.276450334363941357e-11 1.419982069229660425e-11 2.410431096991211439e-10 4.389238659844840211e-10 -4.736010121618692559e-10 9.859702269171105635e-09 -1.450989476498071507e-10 -2.155807419440040299e-10
9.058152759845046183e-05 7.265364848101164427e-08 -6.641869721188220941e-07 -3.130079855400025356e-10 -7.583613026593580168e-10 -1.617896450745995722e-08 -1.235183354898139556e-09 2.410431096991211439e-10 4.091726367005657938e-09 7.450768278747106849e-09 -8.039415651922919675e-09 1.673692469199837264e-07 -2.463066422701624439e-09 -3.659500606061671566e-09
1.649430856161787748e-04 1.322975807479786873e-07 -1.209441389562296170e-06 -5.699672364363556395e-10 -1.380926736266248847e-09 -2.946084481777646711e-08 -2.249188761331156554e-09 4.389238659844840211e-10 7.450768278747106849e-09 1.356736569464430408e-08 -1.463925437488265371e-08 3.047685411822364885e-07 -4.485084173441992156e-09 -6.663713207111049757e-09
-1.779744013730289571e-04 -1.427497409107032899e-07 1.304993213259015101e-06 6.149974539887602048e-10 1.490026746552445283e-09 3.178839659025496257e-08 2.426885745937525317e-09 -4.736010121618692559e-10 -8.039415651922919675e-09 -1.463925437488265371e-08 1.579582753762718634e-08 -3.288467562711796840e-07 4.839427902624909876e-09 7.190179355058747403e-09
3.705174955310840297e-03 2.971847416364468665e-06 -2.716811031988487820e-05 -1.280337591541075328e-08 -3.102024640329011581e-08 -6.617893922218318046e-07 -5.052432381217313099e-08 9.859702269171105635e-09 1.673692469199837264e-07 3.047685411822364885e-07 -3.288467562711796840e-07 6.846123690099569299e-06 -1.007500344122838405e-07 -1.496893500696106337e-07
-5.452669585723920694e-05 -4.373478234110350722e-08 3.998157458947861366e-07 1.884191145912934393e-10 4.565051749106725804e-10 9.739132253256769248e-09 7.435342382281411634e-10 -1.450989476498071507e-10 -2.463066422701624439e-09 -4.485084173441992156e-09 4.839427902624909876e-09 -1.007500344122838405e-07 1.482673976334299646e-09 2.202882660807773308e-09
-8.101303103196077896e-05 -6.497894697768436977e-08 5.940261906579578053e-07 2.799436741475039901e-10 6.782525021893287890e-10 1.446991443463211404e-08 1.104705894386309552e-09 -2.155807419440040299e-10 -3.659500606061671566e-09 -6.663713207111049757e-09 7.190179355058747403e-09 -1.496893500696106337e-07 2.202882660807773308e-09 3.272932616842123319e-09
