2.002867160213448461e+00 -1.794174347257360136e-02 -2.932111077632140739e-02 -6.682013155780836249e-04 3.652027911368405187e-03 9.069956667848207837e-04 -6.215973357985525843e-04 3.402033013688187356e-03 8.568037113698628122e-04 6.849798987828379791e-05 -6.391732993397935267e-05 1.063160845036941726e-05 -6.522837733750464601e-05 2.053411329096310460e-05
-1.794174347257360136e-02 4.319684597340284204e-01 5.727920803831956231e-01 -1.172235200740930810e-03 9.783073601480460693e-03 2.521477165686377211e-03 -2.095554387392412760e-03 7.827213114432626101e-03 1.877530002266165638e-03 -1.747390274788709723e-03 1.460911635268406523e-03 4.413043235850798348e-05 2.099852165390541682e-03 1.783985238294294538e-04
-2.932111077632140739e-02 5.727920803831956231e-01 7.602048674815570228e-01 2.485244025031591118e-03 -9.009792962599863508e-03 -2.110605490014687887e-03 5.504402547398443667e-04 -7.944804031790968918e-03 -2.137328310824568745e-03 -2.384152074147524551e-03 1.991744141274206896e-03 -8.277907430188934969e-06 2.798414127817697335e-03 1.197143194033944118e-04
-6.682013155780836249e-04 -1.172235200740930810e-03 2.485244025031591118e-03 8.016853884582741951e-01 -1.646865130880738066e-03 4.914844042390530132e-03 6.628952524124739343e-01 2.000425365935141087e-04 -5.572169332941612728e-04 -5.628970444613356182e-03 -9.880966302518673448e-04 -1.457630499326572401e-03 -5.293956231696440298e-04 2.420670422684139192e-03
3.652027911368405187e-03 9.783073601480460693e-03 -9.009792962599863508e-03 -1.646865130880738066e-03 7.965110708619160818e-01 -2.821272349170048446e-03 2.065283990087229927e-04 6.634991479714599238e-01 2.567046222293267255e-04 1.614184688291322219e-03 -6.921622176751407885e-04 2.647248506501823605e-03 -9.394068695142015774e-04 4.649550499876540892e-03
9.069956667848207837e-04 2.521477165686377211e-03 -2.110605490014687887e-03 4.914844042390530132e-03 -2.821272349170048446e-03 7.983458993845025109e-01 -6.238861316882261159e-04 4.016105043713296937e-04 6.632902682937500405e-01 -9.931125415404851858e-04 -5.665023465018813320e-03 -1.956244051406571052e-03 1.529149616217853700e-03 9.899401000398732481e-05
-6.215973357985525843e-04 -2.095554387392412760e-03 5.504402547398443667e-04 6.628952524124739343e-01 2.065283990087229927e-04 -6.238861316882261159e-04 5.481663911518728227e-01 1.456564437503468602e-03 -4.350018748229121657e-03 -4.641081274941024834e-03 -7.890861769902648244e-04 -1.188749203287828423e-03 -4.540792841744278321e-04 2.009845219954128816e-03
3.402033013688187356e-03 7.827213114432626101e-03 -7.944804031790968918e-03 2.000425365935141087e-04 6.634991479714599238e-01 4.016105043713296937e-04 1.456564437503468602e-03 5.527121205905858314e-01 2.491323454783802779e-03 1.331669280665203270e-03 -5.990926449650659088e-04 2.195659968354056208e-03 -7.799204356381049356e-04 3.878124238438722480e-03
8.568037113698628122e-04 1.877530002266165638e-03 -2.137328310824568745e-03 -5.572169332941612728e-04 2.567046222293267255e-04 6.632902682937500405e-01 -4.350018748229121657e-03 2.491323454783802779e-03 5.511173548896177721e-01 -7.863054514865105591e-04 -4.704361725571133343e-03 -1.608368373648692276e-03 1.269293377260693068e-03 8.330811263784177151e-05
6.849798987828379791e-05 -1.747390274788709723e-03 -2.384152074147524551e-03 -5.628970444613356182e-03 1.614184688291322219e-03 -9.931125415404851858e-04 -4.641081274941024834e-03 1.331669280665203270e-03 -7.863054514865105591e-04 5.115879295102886099e-05 6.199976058481587473e-06 1.780377439036102510e-05 -8.642443044256605574e-06 -8.262258995228961565e-06
-6.391732993397935267e-05 1.460911635268406523e-03 1.991744141274206896e-03 -9.880966302518673448e-04 -6.921622176751407885e-04 -5.665023465018813320e-03 -7.890861769902648244e-04 -5.990926449650659088e-04 -4.704361725571133343e-03 6.199976058481587473e-06 4.708709590880538450e-05 1.328989858745920840e-05 -2.124810524508977890e-06 -7.325110520911555270e-06
1.063160845036941726e-05 4.413043235850798348e-05 -8.277907430188934969e-06 -1.457630499326572401e-03 2.647248506501823605e-03 -1.956244051406571052e-03 -1.188749203287828423e-03 2.195659968354056208e-03 -1.608368373648692276e-03 1.780377439036102510e-05 1.328989858745920840e-05 1.613391901400642513e-05 -5.794901661120897204e-06 1.081121911686310394e-05
-6.522837733750464601e-05 2.099852165390541682e-03 2.798414127817697335e-03 -5.293956231696440298e-04 -9.394068695142015774e-04 1.529149616217853700e-03 -4.540792841744278321e-04 -7.799204356381049356e-04 1.269293377260693068e-03 -8.642443044256605574e-06 -2.124810524508977890e-06 -5.794901661120897204e-06 1.465702786384545618e-05 -6.294811008882859451e-06
2.053411329096310460e-05 1.783985238294294538e-04 1.197143194033944118e-04 2.420670422684139192e-03 4.649550499876540892e-03 9.899401000398732481e-05 2.009845219954128816e-03 3.878124238438722480e-03 8.330811263784177151e-05 -8.262258995228961565e-06 -7.325110520911555270e-06 1.081121911686310394e-05 -6.294811008882859451e-06 3.455718990593425468e-05
