1.814065220523565780e-01 -5.316872205505804860e-01 -2.002297102093614917e-02 -2.471417364746912315e-01 1.193838135576568010e-01 -3.445627384332501653e-02 -1.423685621914909816e-03 7.913286403516069144e-04 1.399135485819789999e-08 -1.070488942018898469e-07 1.553190777792152319e-07 4.549015538261609693e-09 -3.354286940633303974e-08 3.824281224322167932e-08 3.666914453497433159e-08 -2.989624788404808967e-07 4.670731036682277788e-07 6.875913508390295497e-08 -9.521757379314692559e-07 1.571720440748468120e-06 3.012609477345756583e-08 4.203753944638607890e-07 -8.197209501110274269e-07 -1.190134099098262257e-08 2.478078704414014646e-07 -9.240353727688715543e-08 1.087838557216689145e-07 2.785178430408223484e-08 -5.395709871485301791e-07 -5.100731649417552158e-08 1.173063750897328594e-07 -4.712234446091692671e-07 1.271048531406300861e-08 2.174040013254566486e-06 2.052755557552852418e-07 -3.448215194542726547e-07 -3.554768284888507045e-07 -8.527244060647233989e-07 3.667018925873711667e-06 2.637265846315075739e-07 -1.346372084643759116e-06 2.011177549362173398e-08 -2.784082410505588892e-05 -3.179770861198148321e-07 9.594648734441576987e-09 -2.694863637814518201e-08 -7.668034796844264541e-06 2.277211609104049376e-07
-5.316872205505804860e-01 1.613919428058241845e+00 1.048232812453682022e-01 1.132291576707820768e+00 -5.719163110909254444e-01 1.648623399001765411e-01 5.778535842618750390e-03 -3.310664392267444710e-03 -6.664977144723671253e-08 5.235771225001132094e-07 -7.554981168345547263e-07 -2.060906714865891210e-08 1.527548256246681051e-07 -1.734303839281262652e-07 -1.744833256079337599e-07 1.464757090795958052e-06 -2.270608408405693547e-06 -3.200441480430343141e-07 4.542449686662196746e-06 -7.475397692052953246e-06 -1.417485235323161594e-07 -1.973570271664686963e-06 3.852545740129393040e-06 5.596150922935780873e-08 -1.167124582103294645e-06 4.363256574563307538e-07 -5.095797171433711989e-07 -1.230718178596452179e-07 2.415332093873234467e-06 2.371699792569797133e-07 -5.374176026489697913e-07 2.219193652452488515e-06 -5.915370438932088644e-08 -1.026038387282012948e-05 -9.667892178898942524e-07 1.625207722509467211e-06 1.673223823274880450e-06 4.014183710839808631e-06 -1.722515806808116840e-05 -1.241510250404636756e-06 6.337121098611634811e-06 -9.501093946702133647e-08 1.310588578165829891e-04 1.496811987548369318e-06 -4.529625871553179053e-08 1.265622124914512888e-07 3.614384344726271237e-05 -1.071744394500894566e-06
-2.002297102093614917e-02 1.048232812453682022e-01 4.059418769537280480e-02 3.640804753846279551e-01 -1.877128174861138754e-01 4.009343076447428184e-02 1.505054028781195119e-03 -8.480149602893664873e-04 -2.565415135135746003e-08 2.844293693865001815e-07 -3.791811307507473844e-07 -4.654152856622904892e-09 3.873358637104368417e-08 -4.360036968885650110e-08 -5.012342932602028744e-08 7.196171906101537832e-07 -1.002554720134564958e-06 -4.672644209704624520e-08 1.510157399558029653e-06 -2.322314738137439648e-06 -3.397692448968139619e-08 -4.710769229264495505e-07 9.248728069509389657e-07 1.407254905042151043e-08 -2.923830684381705541e-07 1.103310643925133250e-07 -1.080244455965285130e-07 2.505237742200274237e-08 -3.315798006319630475e-07 3.842282759222725244e-08 -2.920987302785268072e-08 5.415990230075461987e-07 -1.116014439937340081e-08 -2.193103313718106345e-06 -2.391540920126082325e-07 3.954298209194852042e-07 4.178303215351817036e-07 9.838661606173941378e-07 -4.902312538277924226e-06 -3.021041668125011178e-07 1.569421249315488074e-06 -2.622008809464373007e-08 3.207539156422884954e-05 3.662797180687878147e-07 -1.690790041100634904e-08 2.961252103879708820e-08 8.322981865913902329e-06 -2.632116497521820774e-07
-2.471417364746912315e-01 1.132291576707820768e+00 3.640804753846279551e-01 3.564627016726884090e+00 -2.763680025743334934e+00 9.202687998768455113e-01 1.730386599757007329e-02 -1.163105089809288867e-02 -3.262081631302904632e-07 2.331650086346710959e-06 -3.465676282712105953e-06 -9.099124331824774040e-08 6.830314746111297144e-07 -7.622527278223935318e-07 -9.451033414245627798e-07 7.010189361262305007e-06 -1.115277947847983872e-05 -1.836331230828155013e-06 2.322750881757369972e-05 -3.873401689453525551e-05 -7.681940422068092317e-07 -1.034312872915994147e-05 2.036510357632488404e-05 2.933050853371425476e-07 -6.197669042564079164e-06 2.350940831461985537e-06 -2.770488919279012783e-06 -8.035098474033899657e-07 1.569748828184286491e-05 1.318504195894795261e-06 -3.150746776484510070e-06 1.189007175367394199e-05 -3.239908024013276802e-07 -5.834351475136809715e-05 -5.154671842890926292e-06 8.757541495987503910e-06 8.851707149005822383e-06 2.141735631032141876e-05 -8.490005900192753360e-05 -6.640987354648626598e-06 3.364197152877984121e-05 -4.954426858202669116e-07 6.996575514074351333e-04 7.987694278998505712e-06 -1.990144183895987784e-07 6.800233519012547588e-07 1.987488394342239021e-04 -5.701068002561074738e-06
1.193838135576568010e-01 -5.719163110909254444e-01 -1.877128174861138754e-01 -2.763680025743334934e+00 5.067870240286902472e+00 -2.370423224592220102e+00 -2.091724662534295495e-02 1.920799093295152277e-02 8.672907221687827011e-07 -6.190806653485657750e-06 9.201915625347381101e-06 1.694864729046336010e-07 -1.306116736000674679e-06 1.417068249039080694e-06 2.638259562703855435e-06 -1.939707592842918068e-05 3.049572831971014312e-05 4.977545358304027007e-06 -5.983780566619131673e-05 9.979862472023194825e-05 2.019416527101210711e-06 2.411232350458785280e-05 -4.887477917076217852e-05 -7.061647330587376932e-07 1.544939840639339025e-05 -6.082326971515574437e-06 6.912444552585288674e-06 1.872515491775797096e-06 -3.931096256068664888e-05 -3.246256596786529218e-06 7.683508089179056215e-06 -2.990393794793483703e-05 9.321649588007504211e-07 1.611261981239110914e-04 1.284110391306604303e-05 -2.211706689118525694e-05 -2.176367009786317903e-05 -5.358156304890360395e-05 1.817464364954632459e-04 1.666806589991397797e-05 -8.342261643508396918e-05 1.220874973230687504e-06 -1.752018949343619710e-03 -1.996417062382019138e-05 3.394844463479167194e-07 -1.750035328352431787e-06 -5.217760745249203601e-04 1.412295467718564077e-05
-3.445627384332501653e-02 1.648623399001765411e-01 4.009343076447428184e-02 9.202687998768455113e-01 -2.370423224592220102e+00 3.186197270832577200e+00 8.388714073616731874e-04 -1.351651341212858209e-02 -1.749178704714316603e-06 1.086826884813687148e-05 -1.623633891273367749e-05 -1.800583608379761722e-07 1.269042480936488080e-06 -1.354197044470654241e-06 -5.744542548192408178e-06 3.621618811317760267e-05 -5.597864091325242700e-05 -1.133498978440538669e-05 9.893114880419965338e-05 -1.622472662214946310e-04 -3.110173135095840878e-06 -2.683851813462009134e-05 5.803600743392013596e-05 9.121950763050154602e-07 -2.036164463720539197e-05 8.724350801459703839e-06 -9.066679461447784688e-06 -2.413649682937344528e-06 5.445419437431458766e-05 4.217228024971911918e-06 -1.004982032846891908e-05 3.947840003511425701e-05 -1.636581472735663626e-06 -2.414092172190462633e-04 -1.668291366239549724e-05 2.912399066093880617e-05 2.768774181872086899e-05 7.033020583019221784e-05 -1.755520425078376792e-04 -2.194458483507538262e-05 1.079872674760099362e-04 -1.672139697317730902e-06 2.302759356058692655e-03 2.611039823370309978e-05 -2.076948380115073687e-07 2.449097189615382831e-06 7.335771547941033303e-04 -1.813659531999463584e-05
-1.423685621914909816e-03 5.778535842618750390e-03 1.505054028781195119e-03 1.730386599757007329e-02 -2.091724662534295495e-02 8.388714073616731874e-04 1.354085592904361230e-04 -6.460705731079067528e-05 3.774346829760244208e-06 -1.690236904379041196e-05 2.746082309190225415e-05 1.505245210902136038e-07 -6.601030203000343013e-07 1.086927535900382428e-06 1.311677745568132661e-05 -5.841860666229407189e-05 9.511335820136865423e-05 2.869798321562042805e-05 -1.259704911629210868e-04 2.062333599497189862e-04 1.827071204513712765e-06 -8.189080038546881618e-06 1.359022951253561306e-05 -3.307497337637986770e-07 1.482977661872103846e-06 -2.841890788905323523e-06 -1.242971805587270549e-07 1.469830531081002443e-07 7.666811387152906311e-06 8.460649930625687891e-08 -2.102143372025825246e-07 -1.509203322410108016e-07 1.961768755328337982e-07 1.319185343047709862e-07 1.485774506673742801e-07 3.675003818357372675e-07 3.597162790432257815e-07 -4.029702296784164205e-10 -3.652669476644223622e-07 -2.809650422206352166e-07 -4.437854291351835277e-08 8.601804193331141840e-07 8.843143017977037005e-07 2.847454776191468950e-07 7.764598555326023092e-07 -7.319974915498365296e-08 4.048087996654274629e-08 -5.669121850051147792e-07
7.913286403516069144e-04 -3.310664392267444710e-03 -8.480149602893664873e-04 -1.163105089809288867e-02 1.920799093295152277e-02 -1.351651341212858209e-02 -6.460705731079067528e-05 8.490940181353173028e-05 -1.394114423678728174e-06 3.305114299374066489e-06 -1.139028372421026647e-05 -5.524792608215882333e-08 1.219378265013272699e-07 -4.477996252048072090e-07 -4.850519623316183114e-06 1.135861253439619449e-05 -3.945414158766383998e-05 -1.064504399977450383e-05 2.399921735341010992e-05 -8.538897840951088379e-05 -6.669635026440967531e-07 1.729837933987785051e-06 -5.910589042937145031e-06 1.204225656477823457e-07 -2.024808547730520820e-07 1.149282979804329502e-06 2.010644609582074583e-07 2.886996853927532493e-07 -1.133373487194439386e-05 -2.267537023601297401e-07 8.669393506434436325e-07 -9.987485872251281781e-08 -2.268416787207884806e-08 8.597769365752990499e-07 3.182083174584404872e-08 -2.673846598763172211e-07 -2.653229657269509442e-07 -3.076305297446301801e-07 8.921746800938544904e-07 1.494223117387465772e-07 -4.297611095994890021e-07 -1.893302825453125910e-07 -9.893648484628082270e-06 -1.683013810236736429e-07 -3.233821976279529611e-07 1.538665306771283882e-08 -3.043792801405489088e-06 1.589284651593284307e-07
1.399135485819789999e-08 -6.664977144723671253e-08 -2.565415135135746003e-08 -3.262081631302904632e-07 8.672907221687827011e-07 -1.749178704714316603e-06 3.774346829760244208e-06 -1.394114423678728174e-06 1.746132268365131912e+00 -7.135151300807566130e-07 2.301157687062293894e-07 -3.741093660951288480e-01 -1.356236494545743342e-07 7.299705907886777114e-08 8.871212963601328161e-01 -2.191379294148618236e-06 6.122892451421666449e-07 1.320038664026681741e-01 -6.711049470646253826e-06 1.963647043583719419e-06 1.198884945529183760e-01 2.809049363419403006e-06 -1.064669489922651936e-06 -1.682521161486333393e-03 1.509003938856305551e-05 -2.601617162253370002e-06 2.208362339309503481e-06 3.114633879277100789e-05 1.524805119593960502e-06 -1.075150472421982479e-04 6.162206210884654687e-07 -1.001198050234497516e-05 -2.315489992007239105e-04 -7.372083317666671307e-06 5.158049148806518377e-04 -2.012000841993020714e-06 -7.963569599408775368e-06 5.579154536273728347e-04 2.532013780791288941e-06 -1.628185772161985431e-04 -4.370665935642351802e-06 1.553139311152776326e-03 5.210967647670336596e-06 4.816610763736244370e-06 3.416999217986081959e-06 -6.045240786220004584e-04 -6.858600550228863593e-06 1.529311466738512417e-03
-1.070488942018898469e-07 5.235771225001132094e-07 2.844293693865001815e-07 2.331650086346710959e-06 -6.190806653485657750e-06 1.086826884813687148e-05 -1.690236904379041196e-05 3.305114299374066489e-06 -7.135151300807566130e-07 1.746132723736166126e+00 1.499677270228702856e-07 -3.855220706419016500e-08 -3.741086418901011790e-01 -1.812674347485216826e-07 -2.564963692622483255e-06 8.871205181587439315e-01 1.162768123617628046e-06 -1.098725699454909026e-05 1.319952757667342269e-01 5.427010522487804299e-06 9.418851047999578205e-06 1.199002867516036630e-01 -4.793256296139977474e-06 -1.121125761818322500e-05 -1.719718326853782392e-03 5.418354152361773909e-06 -1.555842816390569312e-06 1.024126475424768956e-04 -1.438182721881701743e-06 3.119762085866044192e-05 -1.996787962790329009e-06 6.352402605022813534e-06 -4.935509404125593916e-04 5.488158119249261934e-06 -2.323671989242191715e-04 8.856937436035276084e-06 4.668997457388964398e-06 1.848665181663203185e-04 1.090035809755103453e-05 5.611066839338386177e-04 8.994063487783751328e-06 -1.507990862967924619e-03 1.805008024137857967e-06 -5.685244800807048382e-04 3.016381422430896022e-06 2.141364302406730148e-05 9.256134877338380958e-07 1.550797484914914239e-03
1.553190777792152319e-07 -7.554981168345547263e-07 -3.791811307507473844e-07 -3.465676282712105953e-06 9.201915625347381101e-06 -1.623633891273367749e-05 2.746082309190225415e-05 -1.139028372421026647e-05 2.301157687062293894e-07 1.499677270228702856e-07 1.746121689644436925e+00 7.353491766007703261e-08 -1.812641859724075452e-07 -3.741025966470302722e-01 6.102399854981144425e-07 1.162691254505284310e-06 8.870574873002130545e-01 1.941093129931733589e-06 5.421483767935473965e-06 1.316727359689069676e-01 -1.030468422987626793e-06 -4.777564991354319347e-06 1.202169485110261143e-01 -2.729988752680196655e-06 5.167326903075795398e-06 -2.258371316517282339e-03 3.031798292858856676e-05 1.696409331265140202e-06 -3.060063432520069391e-06 1.720267991744857801e-06 -1.035000764676109519e-04 -2.093705065797959162e-04 -9.016901419636440414e-06 1.359240317205734725e-05 -8.556238783505483108e-06 4.868636181352754182e-04 4.570284611422338844e-04 4.560000850994237191e-07 1.195157953403266385e-05 4.900325735713692366e-06 -1.134092982768220898e-04 2.395324942491455946e-06 2.070665098217363810e-05 1.562248002256933540e-05 1.028695109624905551e-03 -3.578887866165492214e-07 -1.227268649748106461e-05 -3.632320791824680245e-06
4.549015538261609693e-09 -2.060906714865891210e-08 -4.654152856622904892e-09 -9.099124331824774040e-08 1.694864729046336010e-07 -1.800583608379761722e-07 1.505245210902136038e-07 -5.524792608215882333e-08 -3.741093660951288480e-01 -3.855220706419016500e-08 7.353491766007703261e-08 1.016313939079026424e-01 6.731645432947296763e-09 -3.511866421140336374e-10 1.265523844217250268e-02 -4.491631073952562924e-08 2.094428537857643022e-07 1.135666691047134899e-02 8.062817393245144680e-08 3.385527106914968476e-07 4.292610287081486059e-04 9.438795022399176343e-08 -7.695527475030771966e-10 -1.328515206471655367e-04 5.871293677331580204e-07 -1.072308589447750075e-07 5.400353203319966953e-08 1.970229916376339168e-06 1.272593643659362973e-07 -9.249595801668276639e-06 7.186955482380810235e-08 -3.973207787255011134e-07 -9.299883659732177620e-06 -2.913710059384077255e-07 2.032573501928722139e-05 -7.706557523492881336e-08 -3.141120054871465602e-07 2.236067683658826384e-05 1.035155316684209275e-07 -6.587551351981608338e-06 -1.735574756398905895e-07 6.221268855173080258e-05 2.104596691538077732e-07 2.028721173508361955e-07 1.365687054445579620e-07 -2.417255895945305538e-05 -2.746404877476470735e-07 6.123444237737334344e-05
-3.354286940633303974e-08 1.527548256246681051e-07 3.873358637104368417e-08 6.830314746111297144e-07 -1.306116736000674679e-06 1.269042480936488080e-06 -6.601030203000343013e-07 1.219378265013272699e-07 -1.356236494545743342e-07 -3.741086418901011790e-01 -1.812641859724075452e-07 6.731645432947296763e-09 1.016314213363873897e-01 -1.121944740748620267e-08 -3.959455548629428870e-07 1.265745289354069762e-02 -5.770687680961005957e-07 -8.175347190756590552e-07 1.136037314628596945e-02 -1.016277208703182641e-06 3.067655235416735983e-07 4.301544385083053796e-04 -3.033450114426187418e-07 -4.369123303488571311e-07 -1.343899117562359440e-04 2.341878056930372088e-07 -1.339083585747853468e-07 9.157014756046557495e-06 -5.432299752412248618e-08 1.973206952195612339e-06 -3.465270644007014928e-08 2.499539513957433985e-07 -1.945580084124577520e-05 2.163503372234485156e-07 -9.335932640764924619e-06 3.496993866582150733e-07 1.828448167787910907e-07 7.469696644140362604e-06 4.321229190580110448e-07 2.249473383031532587e-05 3.556560623868123176e-07 -6.040289715767086236e-05 7.476302621462849484e-08 -2.274075059787284995e-05 1.153192943279349031e-07 8.533267842669973970e-07 3.649779541415599639e-08 6.214515268604995605e-05
3.824281224322167932e-08 -1.734303839281262652e-07 -4.360036968885650110e-08 -7.622527278223935318e-07 1.417068249039080694e-06 -1.354197044470654241e-06 1.086927535900382428e-06 -4.477996252048072090e-07 7.299705907886777114e-08 -1.812674347485216826e-07 -3.741025966470302722e-01 -3.511866421140336374e-10 -1.121944740748620267e-08 1.016318864808636729e-01 2.075132010304672735e-07 -5.770987739424596215e-07 1.267695829022045563e-02 3.339834670018501915e-07 -1.016931588464550116e-06 1.139181130632126518e-02 -2.214675033549201934e-10 -3.020783823414536150e-07 4.465162008284286944e-04 -1.120563725559782194e-07 2.226907626681946747e-07 -1.564946300582196505e-04 1.953924167007844522e-06 -5.955342473848719059e-09 -7.232070498143578219e-08 1.599337121073302931e-07 -9.130009119939020283e-06 -8.464583824489629941e-06 -3.601171310192523640e-07 5.400242524926975783e-07 -3.383320136256045944e-07 1.927677535449977484e-05 1.848431326595123276e-05 2.113451053611769477e-08 4.759483005182072903e-07 1.972507144792938765e-07 -4.680667936374105311e-06 1.055491138001037095e-07 8.358530693662649071e-07 6.323272671097390316e-07 4.143227099103493591e-05 -1.477742112209306521e-08 -4.944442132874117872e-07 -1.524171605145624360e-07
3.666914453497433159e-08 -1.744833256079337599e-07 -5.012342932602028744e-08 -9.451033414245627798e-07 2.638259562703855435e-06 -5.744542548192408178e-06 1.311677745568132661e-05 -4.850519623316183114e-06 8.871212963601328161e-01 -2.564963692622483255e-06 6.102399854981144425e-07 1.265523844217250268e-02 -3.959455548629428870e-07 2.075132010304672735e-07 2.377376211240354031e+00 -8.362051719504993248e-06 1.685776506705740575e-06 6.067476758809129400e-01 -2.493480599341644347e-05 5.824459463646671441e-06 3.099202033692408653e-01 9.003023468813315140e-06 -3.336062340394574093e-06 -7.430061517345726979e-03 5.213014290240941930e-05 -9.018530837099280814e-06 7.670972950340688762e-06 1.085287652138495487e-04 5.142362261481337795e-06 -3.616739645034113470e-04 2.012152360798725771e-06 -3.464787934623074804e-05 -8.062627632382902499e-04 -2.554123405036257498e-05 1.785590131561312502e-03 -6.932513229434239630e-06 -2.758826925961093625e-05 1.940530067232034165e-03 8.864648265415032451e-06 -5.682429411484757201e-04 -1.514854710971549931e-05 5.400599029815755618e-03 1.816987594934385661e-05 1.704067702977854585e-05 1.184059664272872116e-05 -2.100968608910598959e-03 -2.384665128096476479e-05 5.316979578509455941e-03
-2.989624788404808967e-07 1.464757090795958052e-06 7.196171906101537832e-07 7.010189361262305007e-06 -1.939707592842918068e-05 3.621618811317760267e-05 -5.841860666229407189e-05 1.135861253439619449e-05 -2.191379294148618236e-06 8.871205181587439315e-01 1.162691254505284310e-06 -4.491631073952562924e-08 1.265745289354069762e-02 -5.770987739424596215e-07 -8.362051719504993248e-06 2.377366424092926422e+00 6.138121467779117623e-06 -3.691572367756654292e-05 6.067018513882791453e-01 2.365390591376231904e-05 3.202622722279324885e-05 3.099631534788894749e-01 -1.698834269647416515e-05 -3.878364699303802720e-05 -7.559230033865945754e-03 1.878054547850413879e-05 -5.211305635137803563e-06 3.438582854109552864e-04 -4.935187321083246238e-06 1.087054098079446153e-04 -6.963675983928867914e-06 2.194192496494007217e-05 -1.708703544572957042e-03 1.895716919713019184e-05 -8.090852414280107988e-04 3.066183251096220959e-05 1.617926104768574864e-05 6.448252371417036470e-04 3.778785480780824603e-05 1.951533287406075155e-03 3.114381003821077999e-05 -5.242735849867992924e-03 6.329715348538074209e-06 -1.975801528747884572e-03 1.048236793211059448e-05 7.431374417525487088e-05 3.195338998373194182e-06 5.392462802185458461e-03
4.670731036682277788e-07 -2.270608408405693547e-06 -1.002554720134564958e-06 -1.115277947847983872e-05 3.049572831971014312e-05 -5.597864091325242700e-05 9.511335820136865423e-05 -3.945414158766383998e-05 6.122892451421666449e-07 1.162768123617628046e-06 8.870574873002130545e-01 2.094428537857643022e-07 -5.770687680961005957e-07 1.267695829022045563e-02 1.685776506705740575e-06 6.138121467779117623e-06 2.377063738669527915e+00 5.761103442986585209e-06 2.363623493547410229e-05 6.053952809710507754e-01 -3.215755218832787714e-06 -1.693547806672467200e-05 3.110666995374493649e-01 -9.461659685963922387e-06 1.791747858074068181e-05 -9.426860544692798258e-03 1.055867808355756294e-04 6.024139518902981215e-06 -1.064094760897838654e-05 5.770380462452347266e-06 -3.477205377606690955e-04 -7.294281554493277364e-04 -3.127313263594549752e-05 4.699036460458579003e-05 -2.966420111648637554e-05 1.685309371171799745e-03 1.591650889830798681e-03 1.654517882954937812e-06 4.143524138635315188e-05 1.713000965611266108e-05 -3.977302221944981541e-04 8.317089348552836661e-06 7.207755700120586819e-05 5.433216116562058389e-05 3.577329342876627450e-03 -1.234842155169437870e-06 -4.267486999526226511e-05 -1.262628256268324535e-05
6.875913508390295497e-08 -3.200441480430343141e-07 -4.672644209704624520e-08 -1.836331230828155013e-06 4.977545358304027007e-06 -1.133498978440538669e-05 2.869798321562042805e-05 -1.064504399977450383e-05 1.320038664026681741e-01 -1.098725699454909026e-05 1.941093129931733589e-06 1.135666691047134899e-02 -8.175347190756590552e-07 3.339834670018501915e-07 6.067476758809129400e-01 -3.691572367756654292e-05 5.761103442986585209e-06 2.142355738773418672e+00 -8.969376859080248983e-05 1.396168643436257352e-05 8.864419200192438786e-02 1.333489515088517526e-05 -4.527702849900074504e-06 -2.490608060350025382e-02 1.125031210147625047e-04 -1.970799343158518671e-05 1.500940517963978185e-05 2.896975181978209178e-04 1.213053076914210869e-05 -8.532350487282879372e-04 4.588178361537416284e-06 -7.475904427263099208e-05 -1.774398903143006075e-03 -5.537552408391704245e-05 3.863063958505048683e-03 -1.480425400375487236e-05 -5.990028556821320657e-05 4.257109379752970629e-03 1.980259640248308175e-05 -1.258725307618660831e-03 -3.289500855095756570e-05 1.183660310170885424e-02 4.013068456266882301e-05 3.918573290905824342e-05 2.572864671075190761e-05 -4.598503743526069151e-03 -5.225855899860577960e-05 1.164846955805001749e-02
-9.521757379314692559e-07 4.542449686662196746e-06 1.510157399558029653e-06 2.322750881757369972e-05 -5.983780566619131673e-05 9.893114880419965338e-05 -1.259704911629210868e-04 2.399921735341010992e-05 -6.711049470646253826e-06 1.319952757667342269e-01 5.421483767935473965e-06 8.062817393245144680e-08 1.136037314628596945e-02 -1.016931588464550116e-06 -2.493480599341644347e-05 6.067018513882791453e-01 2.363623493547410229e-05 -8.969376859080248983e-05 2.142179263693795743e+00 7.883780984198850410e-05 6.461648847479360626e-05 8.875206424517569082e-02 -3.943853099105959102e-05 -8.360492572184257353e-05 -2.518837332577561830e-02 4.084558891093828433e-05 -1.185549396281395985e-05 8.176431741404630677e-04 -9.500501591926997389e-06 2.901156081703579019e-04 -1.336692735288978862e-05 4.714551291410448952e-05 -3.697932889361952701e-03 4.066258945268926667e-05 -1.780544429073853928e-03 6.619980883488958939e-05 3.511165497343828837e-05 1.426118344210856306e-03 8.216864944974475941e-05 4.280734610809036611e-03 6.754558428791712611e-05 -1.148544506154336280e-02 1.422094734985682147e-05 -4.324290698511126275e-03 2.292673445881198915e-05 1.620571288551730970e-04 6.873455024058287549e-06 1.181873264829287444e-02
1.571720440748468120e-06 -7.475397692052953246e-06 -2.322314738137439648e-06 -3.873401689453525551e-05 9.979862472023194825e-05 -1.622472662214946310e-04 2.062333599497189862e-04 -8.538897840951088379e-05 1.963647043583719419e-06 5.427010522487804299e-06 1.316727359689069676e-01 3.385527106914968476e-07 -1.016277208703182641e-06 1.139181130632126518e-02 5.824459463646671441e-06 2.365390591376231904e-05 6.053952809710507754e-01 1.396168643436257352e-05 7.883780984198850410e-05 2.137798256206355774e+00 -4.261963850886997621e-06 -3.932022549906767742e-05 9.116145990088475592e-02 -2.064035570638016176e-05 3.900159210105569356e-05 -2.924256597696612420e-02 2.826515302986269793e-04 1.176690728645095897e-05 -2.109814285008265757e-05 1.387281074152784073e-05 -8.237161855627754851e-04 -1.607448142888301271e-03 -6.789204422430712498e-05 1.010854657651856552e-04 -6.445560050469740555e-05 3.644880299350854516e-03 3.503398855585290565e-03 3.989876418831613050e-06 9.014000128133354715e-05 3.809758085718231751e-05 -8.926240778013500628e-04 1.820919126214218288e-05 1.583862987569270456e-04 1.191166594574744568e-04 7.840856573396568288e-03 -2.670970182514885037e-06 -9.350957409311735295e-05 -2.761788541303714220e-05
3.012609477345756583e-08 -1.417485235323161594e-07 -3.397692448968139619e-08 -7.681940422068092317e-07 2.019416527101210711e-06 -3.110173135095840878e-06 1.827071204513712765e-06 -6.669635026440967531e-07 1.198884945529183760e-01 9.418851047999578205e-06 -1.030468422987626793e-06 4.292610287081486059e-04 3.067655235416735983e-07 -2.214675033549201934e-10 3.099202033692408653e-01 3.202622722279324885e-05 -3.215755218832787714e-06 8.864419200192438786e-02 6.461648847479360626e-05 -4.261963850886997621e-06 4.046340477214831893e-02 5.857726769130243025e-06 -9.327124373981703805e-07 -1.079143466342885388e-03 6.468536478443932046e-06 -1.187516359064313527e-06 3.568251108299639482e-06 -6.782154973298451636e-05 -8.056842675160715180e-07 5.792820432023961972e-05 -6.295904819714336183e-08 -4.803523059290784447e-06 -1.136079565590178929e-04 -3.578736866071297559e-06 2.502013820625520316e-04 -9.770798151988901939e-07 -3.860390355626399689e-06 2.711836501302771775e-04 1.243548413352513092e-06 -7.936743080607592659e-05 -2.109874344389469999e-06 7.540107110413117120e-04 2.538000777518147684e-06 2.243349056405511357e-06 1.633652243350041240e-06 -2.934352378840023577e-04 -3.331134513676608552e-06 7.430740813692202074e-04
4.203753944638607890e-07 -1.973570271664686963e-06 -4.710769229264495505e-07 -1.034312872915994147e-05 2.411232350458785280e-05 -2.683851813462009134e-05 -8.189080038546881618e-06 1.729837933987785051e-06 2.809049363419403006e-06 1.199002867516036630e-01 -4.777564991354319347e-06 9.438795022399176343e-08 4.301544385083053796e-04 -3.020783823414536150e-07 9.003023468813315140e-06 3.099631534788894749e-01 -1.693547806672467200e-05 1.333489515088517526e-05 8.875206424517569082e-02 -3.932022549906767742e-05 5.857726769130243025e-06 4.047576560335207352e-02 -4.952019274892935796e-06 -5.631958866136855223e-06 -1.098529751694899900e-03 3.211713521732937945e-06 1.809862502162417779e-07 -6.471094762102957390e-05 -2.539872894852707811e-06 -6.785104500070330278e-05 -3.640281491332494729e-06 3.103991842264182907e-06 -2.397955595819079141e-04 2.627433254766241847e-06 -1.139410750960307789e-04 4.180070310269139730e-06 2.187045399465041865e-06 9.032165261469601272e-05 5.280986404987671063e-06 2.728925123003173503e-04 4.369037709916157936e-06 -7.328307561137864523e-04 8.606808298441624497e-07 -2.761948934380408405e-04 1.305009145780118224e-06 1.034700134813029105e-05 4.401451796016669469e-07 7.540024606950124480e-04
-8.197209501110274269e-07 3.852545740129393040e-06 9.248728069509389657e-07 2.036510357632488404e-05 -4.887477917076217852e-05 5.803600743392013596e-05 1.359022951253561306e-05 -5.910589042937145031e-06 -1.064669489922651936e-06 -4.793256296139977474e-06 1.202169485110261143e-01 -7.695527475030771966e-10 -3.033450114426187418e-07 4.465162008284286944e-04 -3.336062340394574093e-06 -1.698834269647416515e-05 3.110666995374493649e-01 -4.527702849900074504e-06 -3.943853099105959102e-05 9.116145990088475592e-02 -9.327124373981703805e-07 -4.952019274892935796e-06 4.079426778355652039e-02 -1.283679977508419655e-06 3.058040513470885190e-06 -1.395216695390284973e-03 -6.710397184429583203e-05 2.833618441855673684e-06 -4.427361149974488271e-06 -1.257710574779138249e-06 6.059105274922891785e-05 -1.048492839841283665e-04 -4.353296426824171373e-06 6.651889708122761480e-06 -4.219889328650837532e-06 2.410291112587461388e-04 2.270248565666271032e-04 1.976329193895348660e-07 5.898356126290618295e-06 2.361453523298650934e-06 -5.688462471107382521e-05 1.389378992439546586e-06 1.032414153386713025e-05 7.833982115368432549e-06 5.099233656686099920e-04 -1.669515597244731694e-07 -6.067505387684791504e-06 -2.073334632438351374e-06
-1.190134099098262257e-08 5.596150922935780873e-08 1.407254905042151043e-08 2.933050853371425476e-07 -7.061647330587376932e-07 9.121950763050154602e-07 -3.307497337637986770e-07 1.204225656477823457e-07 -1.682521161486333393e-03 -1.121125761818322500e-05 -2.729988752680196655e-06 -1.328515206471655367e-04 -4.369123303488571311e-07 -1.120563725559782194e-07 -7.430061517345726979e-03 -3.878364699303802720e-05 -9.461659685963922387e-06 -2.490608060350025382e-02 -8.360492572184257353e-05 -2.064035570638016176e-05 -1.079143466342885388e-03 -5.631958866136855223e-06 -1.283679977508419655e-06 2.896151267198541308e-04 -3.135169948906087878e-07 5.099761582818489467e-07 -3.141629919426462374e-07 1.409288598120533017e-05 5.811038497299900751e-08 1.350543410258829714e-06 -8.774814490018874361e-08 8.839775847201351588e-07 2.100546546492533772e-05 6.447099576803858424e-07 -4.504044073682395163e-05 1.334833688870163597e-07 6.623222420617362056e-07 -4.968579819361954708e-05 -2.351648894164065017e-07 1.450032769671383489e-05 3.894996747694925559e-07 -1.374894669306444834e-04 -4.692840451738797040e-07 -2.816214560953820417e-07 -3.781209455282641021e-07 5.358904701705569952e-05 6.099076183525756396e-07 -1.362454738437721699e-04
2.478078704414014646e-07 -1.167124582103294645e-06 -2.923830684381705541e-07 -6.197669042564079164e-06 1.544939840639339025e-05 -2.036164463720539197e-05 1.482977661872103846e-06 -2.024808547730520820e-07 1.509003938856305551e-05 -1.719718326853782392e-03 5.167326903075795398e-06 5.871293677331580204e-07 -1.343899117562359440e-04 2.226907626681946747e-07 5.213014290240941930e-05 -7.559230033865945754e-03 1.791747858074068181e-05 1.125031210147625047e-04 -2.518837332577561830e-02 3.900159210105569356e-05 6.468536478443932046e-06 -1.098529751694899900e-03 3.058040513470885190e-06 -3.135169948906087878e-07 2.962614347937592933e-04 -1.032509775279470742e-06 9.094642294318256356e-08 -1.006617808514371173e-06 3.411242057202933995e-07 1.408311760861488094e-05 3.349252805824291451e-07 -5.916887137811630228e-07 4.359819009097156019e-05 -4.768639827225820378e-07 2.137552708778925540e-05 -7.096442401280877089e-07 -3.500837047748082593e-07 -1.659277887943959900e-05 -9.652376373759582577e-07 -5.055442612370652204e-05 -8.161925402594947445e-07 1.360683416711208247e-04 -1.763561052478992581e-07 5.099458389596437513e-05 -1.182752711681702876e-07 -2.157670702235905375e-06 -9.007178569345814650e-08 -1.387388497784515300e-04
-9.240353727688715543e-08 4.363256574563307538e-07 1.103310643925133250e-07 2.350940831461985537e-06 -6.082326971515574437e-06 8.724350801459703839e-06 -2.841890788905323523e-06 1.149282979804329502e-06 -2.601617162253370002e-06 5.418354152361773909e-06 -2.258371316517282339e-03 -1.072308589447750075e-07 2.341878056930372088e-07 -1.564946300582196505e-04 -9.018530837099280814e-06 1.878054547850413879e-05 -9.426860544692798258e-03 -1.970799343158518671e-05 4.084558891093828433e-05 -2.924256597696612420e-02 -1.187516359064313527e-06 3.211713521732937945e-06 -1.395216695390284973e-03 5.099761582818489467e-07 -1.032509775279470742e-06 4.006004987976135440e-04 1.231957630285247553e-05 -9.722558761337471057e-08 4.781492947724313774e-07 6.527670730351773161e-08 2.171896736466782842e-06 2.229365132295419355e-05 8.775426176428212169e-07 -1.389577270813237738e-06 8.178806088088186298e-07 -5.028667192529372447e-05 -4.824362496832410697e-05 -6.595094321758505366e-08 -1.240259135483618016e-06 -4.266272606720687259e-07 1.229320259585135079e-05 -5.930091982386387116e-07 -2.176089052725849533e-06 -1.727496678336409508e-06 -1.079594152268379537e-04 8.318042240305249170e-08 1.289630612403440507e-06 5.090255695327970841e-07
1.087838557216689145e-07 -5.095797171433711989e-07 -1.080244455965285130e-07 -2.770488919279012783e-06 6.912444552585288674e-06 -9.066679461447784688e-06 -1.242971805587270549e-07 2.010644609582074583e-07 2.208362339309503481e-06 -1.555842816390569312e-06 3.031798292858856676e-05 5.400353203319966953e-08 -1.339083585747853468e-07 1.953924167007844522e-06 7.670972950340688762e-06 -5.211305635137803563e-06 1.055867808355756294e-04 1.500940517963978185e-05 -1.185549396281395985e-05 2.826515302986269793e-04 3.568251108299639482e-06 1.809862502162417779e-07 -6.710397184429583203e-05 -3.141629919426462374e-07 9.094642294318256356e-08 1.231957630285247553e-05 1.992140208306151239e+00 2.020946533771017376e-07 5.238906121809528244e-07 -1.608446567720834800e-07 9.855942080979317594e-06 1.982685674955850588e-02 -5.547915590778718127e-07 -1.488959700173690442e-06 3.789951139983401892e-07 -3.953045565613716645e-05 -1.303914612713754284e-03 3.641025194205515045e-07 1.221596283366063761e-06 1.638725635274047510e-07 8.816223151654344504e-05 3.845643692634823205e-07 -4.283096698433123208e-07 -7.872899616849567348e-08 -8.209072402577410356e-05 1.028316755524294515e-07 -1.086107015896430851e-06 7.430416488978134303e-07
2.785178430408223484e-08 -1.230718178596452179e-07 2.505237742200274237e-08 -8.035098474033899657e-07 1.872515491775797096e-06 -2.413649682937344528e-06 1.469830531081002443e-07 2.886996853927532493e-07 3.114633879277100789e-05 1.024126475424768956e-04 1.696409331265140202e-06 1.970229916376339168e-06 9.157014756046557495e-06 -5.955342473848719059e-09 1.085287652138495487e-04 3.438582854109552864e-04 6.024139518902981215e-06 2.896975181978209178e-04 8.176431741404630677e-04 1.176690728645095897e-05 -6.782154973298451636e-05 -6.471094762102957390e-05 2.833618441855673684e-06 1.409288598120533017e-05 -1.006617808514371173e-06 -9.722558761337471057e-08 2.020946533771017376e-07 1.992149622678001331e+00 -6.321011624900408088e-08 1.849860882800047413e-08 2.083906562282027455e-07 -5.573980343685194883e-07 1.979552468885100239e-02 7.048954669673099941e-08 -5.683582948360164837e-07 -5.289994004764156725e-07 3.707817093969597616e-07 -1.260091774425204378e-03 5.070272523941549687e-07 2.655670322731814827e-06 2.503924972038151979e-07 -1.208244144887121927e-05 -1.668603127173436799e-08 -3.419633982702721816e-05 5.560693027675997706e-07 -7.927324367567650440e-05 3.198128183538551685e-07 -2.830353226477802208e-05
-5.395709871485301791e-07 2.415332093873234467e-06 -3.315798006319630475e-07 1.569748828184286491e-05 -3.931096256068664888e-05 5.445419437431458766e-05 7.666811387152906311e-06 -1.133373487194439386e-05 1.524805119593960502e-06 -1.438182721881701743e-06 -3.060063432520069391e-06 1.272593643659362973e-07 -5.432299752412248618e-08 -7.232070498143578219e-08 5.142362261481337795e-06 -4.935187321083246238e-06 -1.064094760897838654e-05 1.213053076914210869e-05 -9.500501591926997389e-06 -2.109814285008265757e-05 -8.056842675160715180e-07 -2.539872894852707811e-06 -4.427361149974488271e-06 5.811038497299900751e-08 3.411242057202933995e-07 4.781492947724313774e-07 5.238906121809528244e-07 -6.321011624900408088e-08 1.992165388499528067e+00 6.069806997328911489e-08 5.315196654499247242e-07 -1.476629752199319672e-06 7.273041343351194488e-08 1.974091492998275923e-02 -1.340991763267202137e-07 -1.202044990056731969e-06 1.161720261298539670e-06 4.972577905259244220e-07 -1.165737474927603995e-03 -6.462486693485820189e-09 -6.356614448644761211e-07 1.373554713548973976e-07 -9.522609338703413482e-05 -2.152612438257562926e-08 6.946918279948686703e-07 5.049884149942211626e-07 3.632994466693390814e-05 5.051087556836370473e-08
-5.100731649417552158e-08 2.371699792569797133e-07 3.842282759222725244e-08 1.318504195894795261e-06 -3.246256596786529218e-06 4.217228024971911918e-06 8.460649930625687891e-08 -2.267537023601297401e-07 -1.075150472421982479e-04 3.119762085866044192e-05 1.720267991744857801e-06 -9.249595801668276639e-06 1.973206952195612339e-06 1.599337121073302931e-07 -3.616739645034113470e-04 1.087054098079446153e-04 5.770380462452347266e-06 -8.532350487282879372e-04 2.901156081703579019e-04 1.387281074152784073e-05 5.792820432023961972e-05 -6.785104500070330278e-05 -1.257710574779138249e-06 1.350543410258829714e-06 1.408311760861488094e-05 6.527670730351773161e-08 -1.608446567720834800e-07 1.849860882800047413e-08 6.069806997328911489e-08 1.992148596608246169e+00 9.055730702451516847e-08 3.636736932452946297e-07 9.396373403755485488e-08 -1.411897655900832563e-07 1.979826616565063396e-02 -1.543645143984536721e-07 2.361596135672762198e-07 -3.973930349949496569e-07 2.902993143237595226e-08 -1.261832724132162927e-03 -2.714489328102826253e-07 2.627100433318166407e-05 -3.157361611391808449e-07 -7.932108574098120440e-05 4.851294112853248329e-07 3.515985386485579443e-05 -2.149259968877834777e-07 -1.096184625177295735e-05
1.173063750897328594e-07 -5.374176026489697913e-07 -2.920987302785268072e-08 -3.150746776484510070e-06 7.683508089179056215e-06 -1.004982032846891908e-05 -2.102143372025825246e-07 8.669393506434436325e-07 6.162206210884654687e-07 -1.996787962790329009e-06 -1.035000764676109519e-04 7.186955482380810235e-08 -3.465270644007014928e-08 -9.130009119939020283e-06 2.012152360798725771e-06 -6.963675983928867914e-06 -3.477205377606690955e-04 4.588178361537416284e-06 -1.336692735288978862e-05 -8.237161855627754851e-04 -6.295904819714336183e-08 -3.640281491332494729e-06 6.059105274922891785e-05 -8.774814490018874361e-08 3.349252805824291451e-07 2.171896736466782842e-06 9.855942080979317594e-06 2.083906562282027455e-07 5.315196654499247242e-07 9.055730702451516847e-08 1.992156442720631082e+00 -3.946241443730632767e-05 -5.237221839487523513e-07 -1.189392985498585258e-06 -1.437256732795438792e-07 1.975668339854887504e-02 8.732892348904352478e-05 2.264226078786591648e-07 -6.976452619532200333e-07 -3.322015358332747828e-07 -1.135383671898009678e-03 -6.075129277774918550e-08 -1.174263472830014126e-06 -1.474315648516628289e-07 2.375295639447393383e-05 -1.158558034649203064e-07 1.382234098422113892e-06 -2.029422802490055064e-07
-4.712234446091692671e-07 2.219193652452488515e-06 5.415990230075461987e-07 1.189007175367394199e-05 -2.990393794793483703e-05 3.947840003511425701e-05 -1.509203322410108016e-07 -9.987485872251281781e-08 -1.001198050234497516e-05 6.352402605022813534e-06 -2.093705065797959162e-04 -3.973207787255011134e-07 2.499539513957433985e-07 -8.464583824489629941e-06 -3.464787934623074804e-05 2.194192496494007217e-05 -7.294281554493277364e-04 -7.475904427263099208e-05 4.714551291410448952e-05 -1.607448142888301271e-03 -4.803523059290784447e-06 3.103991842264182907e-06 -1.048492839841283665e-04 8.839775847201351588e-07 -5.916887137811630228e-07 2.229365132295419355e-05 1.982685674955850588e-02 -5.573980343685194883e-07 -1.476629752199319672e-06 3.636736932452946297e-07 -3.946241443730632767e-05 1.985797572443053437e-04 2.118549264814891189e-08 -1.081323358182672345e-07 -1.229001692544104746e-07 -3.616434949124441684e-06 -1.568941320380203412e-05 -1.191134001262874089e-07 -5.785140578364990169e-08 1.144093141543133786e-07 1.594826213053270612e-06 -6.981143653385206887e-07 -9.946811471747206248e-08 -1.926077801356870244e-07 -6.892898499459251374e-06 1.724993504020911068e-07 7.270272531321055684e-08 -1.219541258041817736e-07
